Ma_C10_1	Ma_C10_2	Ma_C10_3	Ma_C10_4	Mi_C10_1	Mi_C10_2	Mi_C10_3	Mj_C10_1	Mj_C10_2	Mj_C10_3	Mj_C10_4	Mp_C10_1	Mp_C10_2	Mp_C10_3
Ma_C10_1	0	0.11500475	0.15900225	0.152205	0.14266774999999998	0.153807	0.00754281	0.1520725	0.1595545	0.0	0.031192150000000002	0.0	0.169706	0.15126525
Ma_C10_2	0.11500475	0	0.1583725	0.1546505	0.152777	0.154152	0.1192675	0.15612625	0.15984575	0.1146925	0.113804	0.11491599999999999	0.16554	0.152389
Ma_C10_3	0.15900225	0.1583725	0	0.06889282499999999	0.08713255	0.08076405	0.15778225	0.07122765	0.0	0.1569365	0.151837	0.1559565	0.0	0.06876405
Ma_C10_4	0.152205	0.1546505	0.06889282499999999	0	0.0815804	0.088673425	0.149124	0.0	0.0724989	0.148206	0.14999400000000002	0.14969725	0.0878804	0.0
Mi_C10_1	0.14266774999999998	0.152777	0.08713255	0.0815804	0	0.0	0.13988325000000001	0.07791277499999999	0.08980160000000001	0.1388965	0.14040049999999998	0.143147	0.09760250000000001	0.077406325
Mi_C10_2	0.153807	0.154152	0.08076405	0.088673425	0.0	0	0.14585375	0.08617145000000001	0.08327190000000001	0.14959899999999998	0.14496175	0.149256	0.08625835	0.08408394999999999
Mi_C10_3	0.00754281	0.1192675	0.15778225	0.149124	0.13988325000000001	0.14585375	0	0.14746900000000002	0.16002349999999999	0.00652928	0.032214825	0.00700688	0.16617975000000001	0.14726775000000003
Mj_C10_1	0.1520725	0.15612625	0.07122765	0.0	0.07791277499999999	0.08617145000000001	0.14746900000000002	0	0.0714235	0.145732	0.149915	0.1479355	0.08731315	0.0
Mj_C10_2	0.1595545	0.15984575	0.0	0.0724989	0.08980160000000001	0.08327190000000001	0.16002349999999999	0.0714235	0	0.15515	0.15265299999999998	0.15367399999999998	0.0	0.073176175
Mj_C10_3	0.0	0.1146925	0.1569365	0.148206	0.1388965	0.14959899999999998	0.00652928	0.145732	0.15515	0	0.03024655	0.0	0.16668725	0.14637325
Mj_C10_4	0.031192150000000002	0.113804	0.151837	0.14999400000000002	0.14040049999999998	0.14496175	0.032214825	0.149915	0.15265299999999998	0.03024655	0	0.031112225	0.16266925	0.1494545
Mp_C10_1	0.0	0.11491599999999999	0.1559565	0.14969725	0.143147	0.149256	0.00700688	0.1479355	0.15367399999999998	0.0	0.031112225	0	0.1612315	0.1476225
Mp_C10_2	0.169706	0.16554	0.0	0.0878804	0.09760250000000001	0.08625835	0.16617975000000001	0.08731315	0.0	0.16668725	0.16266925	0.1612315	0	0.08411227499999999
Mp_C10_3	0.15126525	0.152389	0.06876405	0.0	0.077406325	0.08408394999999999	0.14726775000000003	0.0	0.073176175	0.14637325	0.1494545	0.1476225	0.08411227499999999	0
