Ma_C12_1	Ma_C12_2	Ma_C12_3	Ma_C12_4	Mi_C12_1	Mi_C12_2	Mi_C12_3	Mj_C12_1	Mj_C12_2	Mj_C12_3	Mj_C12_4	Mp_C12_1	Mp_C12_2	Mp_C12_3
Ma_C12_1	0	0.16647125000000002	0.16362325	0.097503675	0.1647765	0.1129505	0.098631275	0.0	0.09859035	0.16219275	0.1668045	0.09530625000000001	0.0	0.1635165
Ma_C12_2	0.16647125000000002	0	0.11784800000000001	0.16586450000000003	0.125066	0.16708825	0.16425875	0.16571775	0.167296	0.11754500000000001	0.12330875	0.16962725	0.16403075	0.11896425
Ma_C12_3	0.16362325	0.11784800000000001	0	0.16473125	0.0215251	0.15796025	0.1592055	0.166261	0.16615975	0.0	0.034908999999999996	0.16700325	0.160306	0.0
Ma_C12_4	0.097503675	0.16586450000000003	0.16473125	0	0.1653835	0.1033395	0.1017196	0.1007075	0.0	0.16386775	0.16149000000000002	0.0	0.099627325	0.1680545
Mi_C12_1	0.1647765	0.125066	0.0215251	0.1653835	0	0.15716475000000002	0.16177	0.16710524999999998	0.1661955	0.022411175000000002	0.0409065	0.1685645	0.1676465	0.022644575
Mi_C12_2	0.1129505	0.16708825	0.15796025	0.1033395	0.15716475000000002	0	0.066487275	0.11170575	0.10211125	0.156729	0.15548425	0.1021065	0.11070150000000001	0.156645
Mi_C12_3	0.098631275	0.16425875	0.1592055	0.1017196	0.16177	0.066487275	0	0.100026	0.10319355	0.1592435	0.1575775	0.10274575	0.097101925	0.15718175
Mj_C12_1	0.0	0.16571775	0.166261	0.1007075	0.16710524999999998	0.11170575	0.100026	0	0.09912080000000001	0.16070325000000002	0.166961	0.097968475	0.0	0.1640895
Mj_C12_2	0.09859035	0.167296	0.16615975	0.0	0.1661955	0.10211125	0.10319355	0.09912080000000001	0	0.1661995	0.16545625	0.0	0.10062245	0.16753200000000001
Mj_C12_3	0.16219275	0.11754500000000001	0.0	0.16386775	0.022411175000000002	0.156729	0.1592435	0.16070325000000002	0.1661995	0	0.0357345	0.168201	0.1604815	0.0
Mj_C12_4	0.1668045	0.12330875	0.034908999999999996	0.16149000000000002	0.0409065	0.15548425	0.1575775	0.166961	0.16545625	0.0357345	0	0.1706975	0.16666925000000002	0.03496695
Mp_C12_1	0.09530625000000001	0.16962725	0.16700325	0.0	0.1685645	0.1021065	0.10274575	0.097968475	0.0	0.168201	0.1706975	0	0.098346225	0.17049150000000002
Mp_C12_2	0.0	0.16403075	0.160306	0.099627325	0.1676465	0.11070150000000001	0.097101925	0.0	0.10062245	0.1604815	0.16666925000000002	0.098346225	0	0.1615255
Mp_C12_3	0.1635165	0.11896425	0.0	0.1680545	0.022644575	0.156645	0.15718175	0.1640895	0.16753200000000001	0.0	0.03496695	0.17049150000000002	0.1615255	0
