Ma_C14_1	Ma_C14_2	Ma_C14_3	Ma_C14_4	Mi_C14_1	Mi_C14_2	Mi_C14_3	Mj_C14_1	Mj_C14_2	Mj_C14_3	Mj_C14_4	Mp_C14_1	Mp_C14_2	Mp_C14_3
Ma_C14_1	0	0.1635335	0.15882249999999998	0.12528	0.15228325	0.020591474999999998	0.15476974999999998	0.028774050000000002	0.0	0.15970299999999998	0.15876099999999999	0.0	0.15836875	0.15797725
Ma_C14_2	0.1635335	0	0.07993505000000001	0.16761199999999998	0.0818808	0.15649724999999998	0.0892234	0.1581555	0.167319	0.07589847499999999	0.0	0.16507975	0.07699535	0.0
Ma_C14_3	0.15882249999999998	0.07993505000000001	0	0.16722150000000002	0.08215605000000001	0.157328	0.0850966	0.15740125	0.1635435	0.0	0.067816975	0.161888	0.0	0.068374925
Ma_C14_4	0.12528	0.16761199999999998	0.16722150000000002	0	0.158646	0.1232645	0.1649	0.1277165	0.126397	0.1693295	0.16828475	0.1272295	0.16692475	0.166492
Mi_C14_1	0.15228325	0.0818808	0.08215605000000001	0.158646	0	0.148528	0.05988465	0.15472225	0.1541705	0.0848888	0.080994475	0.150304	0.07840539999999999	0.08320849999999999
Mi_C14_2	0.020591474999999998	0.15649724999999998	0.157328	0.1232645	0.148528	0	0.14649675	0.030448549999999998	0.0210418	0.15598	0.1562905	0.02017255	0.15861625000000001	0.1556555
Mi_C14_3	0.15476974999999998	0.0892234	0.0850966	0.1649	0.05988465	0.14649675	0	0.1519855	0.155994	0.085440125	0.08900169999999999	0.15267325	0.083181475	0.08796277499999999
Mj_C14_1	0.028774050000000002	0.1581555	0.15740125	0.1277165	0.15472225	0.030448549999999998	0.1519855	0	0.029475475	0.15705550000000001	0.15723900000000002	0.028799949999999998	0.15549125	0.15795125
Mj_C14_2	0.0	0.167319	0.1635435	0.126397	0.1541705	0.0210418	0.155994	0.029475475	0	0.1619545	0.16195425000000002	0.0	0.16186825	0.16203375
Mj_C14_3	0.15970299999999998	0.07589847499999999	0.0	0.1693295	0.0848888	0.15598	0.085440125	0.15705550000000001	0.1619545	0	0.064179	0.161541	0.0	0.073552
Mj_C14_4	0.15876099999999999	0.0	0.067816975	0.16828475	0.080994475	0.1562905	0.08900169999999999	0.15723900000000002	0.16195425000000002	0.064179	0	0.15957925	0.061961	0.0
Mp_C14_1	0.0	0.16507975	0.161888	0.1272295	0.150304	0.02017255	0.15267325	0.028799949999999998	0.0	0.161541	0.15957925	0	0.1627665	0.16323274999999998
Mp_C14_2	0.15836875	0.07699535	0.0	0.16692475	0.07840539999999999	0.15861625000000001	0.083181475	0.15549125	0.16186825	0.0	0.061961	0.1627665	0	0.0663764
Mp_C14_3	0.15797725	0.0	0.068374925	0.166492	0.08320849999999999	0.1556555	0.08796277499999999	0.15795125	0.16203375	0.073552	0.0	0.16323274999999998	0.0663764	0
