Ma_C16_1	Ma_C16_2	Ma_C16_3	Ma_C16_4	Mi_C16_1	Mi_C16_2	Mi_C16_3	Mj_C16_1	Mj_C16_2	Mj_C16_3	Mj_C16_4	Mp_C16_1	Mp_C16_2	Mp_C16_3
Ma_C16_1	0	0.161547	0.169575	0.09015832500000001	0.16010225	0.095556775	0.0987906	0.1454315	0.0	0.089105075	0.1620795	0.0	0.089181575	0.163209
Ma_C16_2	0.161547	0	0.1261495	0.16602525	0.02380785	0.15931275	0.1642885	0.0560556	0.16426600000000002	0.16594725	0.0	0.1674835	0.17100325	0.0
Ma_C16_3	0.169575	0.1261495	0	0.16822725	0.12573600000000001	0.16987	0.17048649999999999	0.14510499999999998	0.16823100000000002	0.1689725	0.12372549999999999	0.171278	0.17647425	0.1214625
Ma_C16_4	0.09015832500000001	0.16602525	0.16822725	0	0.16152850000000002	0.10099	0.1027525	0.1539655	0.0911637	0.0	0.164989	0.09287725	0.0	0.16328225000000002
Mi_C16_1	0.16010225	0.02380785	0.12573600000000001	0.16152850000000002	0	0.15614275	0.15478175	0.05658969999999999	0.162719	0.16200275	0.023952550000000003	0.16266675	0.16690475	0.022701775
Mi_C16_2	0.095556775	0.15931275	0.16987	0.10099	0.15614275	0	0.052926	0.15145275	0.09216985	0.103756	0.15572225	0.09573482500000001	0.105034	0.15706150000000002
Mi_C16_3	0.0987906	0.1642885	0.17048649999999999	0.1027525	0.15478175	0.052926	0	0.1533185	0.0987554	0.10132125	0.16246575	0.098305425	0.10118859999999999	0.16227750000000002
Mj_C16_1	0.1454315	0.0560556	0.14510499999999998	0.1539655	0.05658969999999999	0.15145275	0.1533185	0	0.1463125	0.15125349999999999	0.05113355	0.15130825	0.15420699999999998	0.05454795
Mj_C16_2	0.0	0.16426600000000002	0.16823100000000002	0.0911637	0.162719	0.09216985	0.0987554	0.1463125	0	0.0886628	0.16272000000000003	0.0	0.09110285	0.16397125
Mj_C16_3	0.089105075	0.16594725	0.1689725	0.0	0.16200275	0.103756	0.10132125	0.15125349999999999	0.0886628	0	0.16387800000000002	0.08925659999999999	0.0	0.16094150000000002
Mj_C16_4	0.1620795	0.0	0.12372549999999999	0.164989	0.023952550000000003	0.15572225	0.16246575	0.05113355	0.16272000000000003	0.16387800000000002	0	0.165245	0.1716445	0.0
Mp_C16_1	0.0	0.1674835	0.171278	0.09287725	0.16266675	0.09573482500000001	0.098305425	0.15130825	0.0	0.08925659999999999	0.165245	0	0.09110285	nan
Mp_C16_2	0.089181575	0.17100325	0.17647425	0.0	0.16690475	0.105034	0.10118859999999999	0.15420699999999998	0.09110285	0.0	0.1716445	0.09110285	0	nan
Mp_C16_3	0.163209	0.0	0.1214625	0.16328225000000002	0.022701775	0.15706150000000002	0.16227750000000002	0.05454795	0.16397125	0.16094150000000002	0.0	nan	nan	0
