Ma_C5_1	Ma_C5_2	Ma_C5_3	Ma_C5_4	Mi_C5_1	Mi_C5_2	Mi_C5_3	Mj_C5_1	Mj_C5_2	Mj_C5_3	Mj_C5_4	Mp_C5_1	Mp_C5_2	Mp_C5_3
Ma_C5_1	0	0.14749674999999998	0.1561545	0.054777124999999996	0.06507792500000001	0.149893	0.0637187	0.062409075	0.1483405	0.0	0.146644	0.06857655	0.0	0.1470595
Ma_C5_2	0.14749674999999998	0	5.008275e-06	0.1478765	0.143347	0.041287649999999995	0.14859624999999999	0.14736525	0.0036616549999999998	0.15109475	0.04772175	0.15542024999999998	0.15239425	0.000593645
Ma_C5_3	0.1561545	5.008275e-06	0	0.15312199999999998	0.1545145	0.10649475	0.1564285	0.1575035	0.1033425	0.16183775	0.10597575000000001	0.16673475	0.15989150000000002	0.10141990000000001
Ma_C5_4	0.054777124999999996	0.1478765	0.15312199999999998	0	0.06095005	0.14852100000000001	0.059164375000000005	0.0	0.14798899999999998	0.0594117	0.14992	0.0	0.054636275	0.14712825
Mi_C5_1	0.06507792500000001	0.143347	0.1545145	0.06095005	0	0.146755	0.0	0.062057125000000005	0.1473955	0.07081675000000001	0.14303675	0.06727345	0.06924125	0.14384825
Mi_C5_2	0.149893	0.041287649999999995	0.10649475	0.14852100000000001	0.146755	0	0.1447055	0.15038525	0.01715865	0.14799875	0.0309593	0.15818624999999997	0.147099	0.018269024999999998
Mi_C5_3	0.0637187	0.14859624999999999	0.1564285	0.059164375000000005	0.0	0.1447055	0	0.06029567499999999	0.14894000000000002	0.0704959	0.14551225	0.0678906	0.06765505	0.147822
Mj_C5_1	0.062409075	0.14736525	0.1575035	0.0	0.062057125000000005	0.15038525	0.06029567499999999	0	0.15183750000000001	0.060100125	0.14997074999999999	0.0	0.06023125	0.14649675
Mj_C5_2	0.1483405	0.0036616549999999998	0.1033425	0.14798899999999998	0.1473955	0.01715865	0.14894000000000002	0.15183750000000001	0	0.150795	0.027422975000000002	0.15822675	0.149109	0.0
Mj_C5_3	0.0	0.15109475	0.16183775	0.0594117	0.07081675000000001	0.14799875	0.0704959	0.060100125	0.150795	0	0.15043374999999998	0.07079355	0.0	0.14970125
Mj_C5_4	0.146644	0.04772175	0.10597575000000001	0.14992	0.14303675	0.0309593	0.14551225	0.14997074999999999	0.027422975000000002	0.15043374999999998	0	0.15745949999999997	0.148842	0.02792485
Mp_C5_1	0.06857655	0.15542024999999998	0.16673475	0.0	0.06727345	0.15818624999999997	0.0678906	0.0	0.15822675	0.07079355	0.15745949999999997	0	0.067412275	0.15563275
Mp_C5_2	0.0	0.15239425	0.15989150000000002	0.054636275	0.06924125	0.147099	0.06765505	0.06023125	0.149109	0.0	0.148842	0.067412275	0	0.14871025
Mp_C5_3	0.1470595	0.000593645	0.10141990000000001	0.14712825	0.14384825	0.018269024999999998	0.147822	0.14649675	0.0	0.14970125	0.02792485	0.15563275	0.14871025	0
