Ma_C6_1	Ma_C6_2	Ma_C6_3	Ma_C6_4	Mi_C6_1	Mi_C6_2	Mi_C6_3	Mj_C6_1	Mj_C6_2	Mj_C6_3	Mj_C6_4	Mp_C6_1	Mp_C6_2	Mp_C6_3
Ma_C6_1	0	0.120328	0.163458	0.16876325	0.16609925	0.12381075	0.16649799999999998	0.132764	0.17073075	0.171439	0.1210145	0.17549825000000002	0.120919	0.16839075
Ma_C6_2	0.120328	0	0.15558149999999998	0.15840225	0.1588175	0.025868725000000002	0.150532	0.041272875	0.161072	0.1584485	0.0	0.16117125	0.0	0.15712225000000002
Ma_C6_3	0.163458	0.15558149999999998	0	0.08005765000000001	0.0919922	0.15067524999999998	0.0957231	0.157602	0.07784545	0.0	0.15446100000000001	0.08049967499999999	0.155396	0.0
Ma_C6_4	0.16876325	0.15840225	0.08005765000000001	0	0.1013823	0.16089175	0.0908408	0.16354975	0.0	0.0748192	0.16005350000000002	0.0	0.1618975	0.07684389999999999
Mi_C6_1	0.16609925	0.1588175	0.0919922	0.1013823	0	0.1566765	0.034223275	0.15684575	0.09788430000000001	0.0920089	0.157818	0.1058935	0.15737275	0.09248715
Mi_C6_2	0.12381075	0.025868725000000002	0.15067524999999998	0.16089175	0.1566765	0	0.15354800000000002	0.03884895	0.16294925	0.1575175	0.024096175	0.164218	0.02365125	0.159212
Mi_C6_3	0.16649799999999998	0.150532	0.0957231	0.0908408	0.034223275	0.15354800000000002	0	0.155045	0.0915343	0.095481925	0.14993925000000002	0.09429065	0.151695	0.09824455
Mj_C6_1	0.132764	0.041272875	0.157602	0.16354975	0.15684575	0.03884895	0.155045	0	0.1650605	0.16093875	0.036039150000000006	0.16524675	0.0379047	0.1595125
Mj_C6_2	0.17073075	0.161072	0.07784545	0.0	0.09788430000000001	0.16294925	0.0915343	0.1650605	0	0.076355725	0.159929	0.0	0.16113925	0.0780498
Mj_C6_3	0.171439	0.1584485	0.0	0.0748192	0.0920089	0.1575175	0.095481925	0.16093875	0.076355725	0	0.1607225	0.082916875	0.16096850000000001	0.0
Mj_C6_4	0.1210145	0.0	0.15446100000000001	0.16005350000000002	0.157818	0.024096175	0.14993925000000002	0.036039150000000006	0.159929	0.1607225	0	0.163406	0.0	0.16034749999999998
Mp_C6_1	0.17549825000000002	0.16117125	0.08049967499999999	0.0	0.1058935	0.164218	0.09429065	0.16524675	0.0	0.082916875	0.163406	0	0.16369	0.082691175
Mp_C6_2	0.120919	0.0	0.155396	0.1618975	0.15737275	0.02365125	0.151695	0.0379047	0.16113925	0.16096850000000001	0.0	0.16369	0	0.160413
Mp_C6_3	0.16839075	0.15712225000000002	0.0	0.07684389999999999	0.09248715	0.159212	0.09824455	0.1595125	0.0780498	0.0	0.16034749999999998	0.082691175	0.160413	0
