Ma_C7_1	Ma_C7_2	Ma_C7_3	Ma_C7_4	Mi_C7_1	Mi_C7_2	Mi_C7_3	Mj_C7_1	Mj_C7_2	Mj_C7_3	Mj_C7_4	Mp_C7_1	Mp_C7_2	Mp_C7_3
Ma_C7_1	0	0.12114849999999999	0.16268749999999998	0.160823	0.15138200000000002	0.09609995	0.1163045	0.13744525	0.0	0.12483625	0.126734	0.0	0.121175	0.11866575
Ma_C7_2	0.12114849999999999	0	0.17500500000000002	0.1610115	0.162529	0.106323	0.108954	0.16524775000000003	0.12566325	0.0	0.17055525	0.12186175	0.1692325	0.0
Ma_C7_3	0.16268749999999998	0.17500500000000002	0	0.14613575	0.13128	0.175361	0.16391899999999998	0.11911074999999999	0.1668175	0.17339824999999998	0.12168925	0.1638475	0.12352324999999999	0.173159
Ma_C7_4	0.160823	0.1610115	0.14613575	0	0.02778525	0.151901	0.14635599999999999	0.043596875	0.16731049999999997	0.15836524999999999	0.06482225	0.16014575	0.0	0.15829674999999999
Mi_C7_1	0.15138200000000002	0.162529	0.13128	0.02778525	0	0.142181	0.15150249999999998	0.049368575000000005	0.154783	0.15925475	0.058043250000000005	0.15128724999999998	0.03167755	0.16279274999999999
Mi_C7_2	0.09609995	0.106323	0.175361	0.151901	0.142181	0	0.09998965	0.1614205	0.09688005	0.103271	0.16367175	0.0983965	0.1605435	0.10127164999999999
Mi_C7_3	0.1163045	0.108954	0.16391899999999998	0.14635599999999999	0.15150249999999998	0.09998965	0	0.14242125	0.1183835	0.1061185	0.1417685	0.1167655	0.1395725	0.10682375
Mj_C7_1	0.13744525	0.16524775000000003	0.11911074999999999	0.043596875	0.049368575000000005	0.1614205	0.14242125	0	0.14102575	0.1670995	0.0	0.1395505	0.035871425	0.163183
Mj_C7_2	0.0	0.12566325	0.1668175	0.16731049999999997	0.154783	0.09688005	0.1183835	0.14102575	0	0.1232345	0.1304485	0.0	0.12847124999999998	0.12375825000000001
Mj_C7_3	0.12483625	0.0	0.17339824999999998	0.15836524999999999	0.15925475	0.103271	0.1061185	0.1670995	0.1232345	0	0.172206	0.1271715	0.16887075000000001	0.0
Mj_C7_4	0.126734	0.17055525	0.12168925	0.06482225	0.058043250000000005	0.16367175	0.1417685	0.0	0.1304485	0.172206	0	0.12281824999999999	0.03081555	0.169943
Mp_C7_1	0.0	0.12186175	0.1638475	0.16014575	0.15128724999999998	0.0983965	0.1167655	0.1395505	0.0	0.1271715	0.12281824999999999	0	0.11335	0.11824925
Mp_C7_2	0.121175	0.1692325	0.12352324999999999	0.0	0.03167755	0.1605435	0.1395725	0.035871425	0.12847124999999998	0.16887075000000001	0.03081555	0.11335	0	0.16719225
Mp_C7_3	0.11866575	0.0	0.173159	0.15829674999999999	0.16279274999999999	0.10127164999999999	0.10682375	0.163183	0.12375825000000001	0.0	0.169943	0.11824925	0.16719225	0
