Ma_C9_1	Ma_C9_2	Ma_C9_3	Ma_C9_4	Mi_C9_1	Mi_C9_2	Mi_C9_3	Mj_C9_1	Mj_C9_2	Mj_C9_3	Mj_C9_4	Mp_C9_1	Mp_C9_2	Mp_C9_3
Ma_C9_1	0	0.1636475	0.159794	0.07305215	0.14859424999999998	0.10438425	0.0975704	0.1584415	0.0	0.071656775	0.15645875	0.161559	0.07280995000000001	0.0
Ma_C9_2	0.1636475	0	0.1118315	0.1512655	0.122989	0.14484775	0.14853725	0.10926949999999999	0.16037725000000003	0.151422	0.11852375	0.1148165	0.15004825	0.158664
Ma_C9_3	0.159794	0.1118315	0	0.1498625	0.02309125	0.125575	0.150226	0.0	0.1583345	0.147779	0.031778925	0.0	0.14655125	0.15330749999999999
Ma_C9_4	0.07305215	0.1512655	0.1498625	0	0.1420195	0.0959953	0.08665985000000001	0.15044324999999997	0.06790432500000002	0.0	0.15149625	0.1490765	0.0	0.0685269
Mi_C9_1	0.14859424999999998	0.122989	0.02309125	0.1420195	0	0.14378849999999999	0.121158	0.024802825	0.1482105	0.14011825	0.039447325000000005	0.02284465	0.13921925000000002	0.150534
Mi_C9_2	0.10438425	0.14484775	0.125575	0.0959953	0.14378849999999999	0	0.0	0.125876	0.09729080000000001	0.09464625	0.13492625000000003	0.129711	0.0931725	0.0920536
Mi_C9_3	0.0975704	0.14853725	0.150226	0.08665985000000001	0.121158	0.0	0	0.14819349999999998	0.091694975	0.0856971	0.148667	0.14858274999999999	0.083224625	0.09140405
Mj_C9_1	0.1584415	0.10926949999999999	0.0	0.15044324999999997	0.024802825	0.125876	0.14819349999999998	0	0.15715099999999999	0.14804625	0.0332251	0.0	0.14533725	0.1517905
Mj_C9_2	0.0	0.16037725000000003	0.1583345	0.06790432500000002	0.1482105	0.09729080000000001	0.091694975	0.15715099999999999	0	0.065874075	0.15148499999999998	0.15734900000000002	0.0689819	0.0
Mj_C9_3	0.071656775	0.151422	0.147779	0.0	0.14011825	0.09464625	0.0856971	0.14804625	0.065874075	0	0.1524345	0.1488615	0.0	0.06758167500000001
Mj_C9_4	0.15645875	0.11852375	0.031778925	0.15149625	0.039447325000000005	0.13492625000000003	0.148667	0.0332251	0.15148499999999998	0.1524345	0	0.03456242500000001	0.1506865	0.147545
Mp_C9_1	0.161559	0.1148165	0.0	0.1490765	0.02284465	0.129711	0.14858274999999999	0.0	0.15734900000000002	0.1488615	0.03456242500000001	0	0.14710375	0.152771
Mp_C9_2	0.07280995000000001	0.15004825	0.14655125	0.0	0.13921925000000002	0.0931725	0.083224625	0.14533725	0.0689819	0.0	0.1506865	0.14710375	0	0.0651784
Mp_C9_3	0.0	0.158664	0.15330749999999999	0.0685269	0.150534	0.0920536	0.09140405	0.1517905	0.0	0.06758167500000001	0.147545	0.152771	0.0651784	0
