Ma3n_C1_1(A1)	Mj_C1_1(A1)	Ma4n_C1_2(B1)	Mj_C1_3(A2)	Ma4n_C1_4(A2)	Ma3n_C1_2(B1)	Mj_C1_2(B1)	Mi_C1_3(A2)	Mi_C1_2(B1)	Ma4n_C1_3(B2)	Mj_C1_4(B2)	Ma4n_C1_1(A1)	Ma3n_C1_3(A2)	Mi_C1_1(A1)
Ma3n_C1_1(A1)	1.0	0.9992528588073979	0.9011707768922597	0.9350313038373067	0.9352225587497216	0.9018986782150106	0.9017849893407933	0.9517862803546575	0.9024623587240105	0.8998002123063599	0.9020681101371624	0.9991298467535825	0.9348344567161354	0.9451885010583737
Mj_C1_1(A1)	0.9992528588073979	1.0	0.8986346443246822	0.9435264586196458	0.9427604798731802	0.8991196910357423	0.9034901922308642	0.9495313162845174	0.9015384470017971	0.896961481483822	0.899803610995613	0.9984943478189546	0.9430968880552555	0.9438504699438128
Ma4n_C1_2(B1)	0.9011707768922597	0.8986346443246822	1.0	0.9013338293909465	0.8964288695452816	0.9987709527296417	0.9968454199895654	0.8972371960208373	0.9699860464673734	0.9209237491791222	0.9546189910078985	0.8994959323712717	0.8947098390310219	0.922027539836229
Mj_C1_3(A2)	0.9350313038373067	0.9435264586196458	0.9013338293909465	1.0	0.9939756250125547	0.9010723460975374	0.9014656685172453	0.9274467786094787	0.8998999819162651	0.8955486531508966	0.8963417150605784	0.9394114769067348	0.9936831760482423	0.9391596302833425
Ma4n_C1_4(A2)	0.9352225587497216	0.9427604798731802	0.8964288695452816	0.9939756250125547	1.0	0.8952252823224367	0.9012046376745508	0.9270881105868414	0.9007688393490166	0.8944067031779306	0.9072475339133549	0.9392854287728449	0.997856128920451	0.9365382773722282
Ma3n_C1_2(B1)	0.9018986782150106	0.8991196910357423	0.9987709527296417	0.9010723460975374	0.8952252823224367	1.0	0.9968083520845678	0.8975963292608767	0.9708813857221344	0.9194575650253528	0.9545316682849566	0.8999841263308895	0.8942807263736448	0.9206354989267217
Mj_C1_2(B1)	0.9017849893407933	0.9034901922308642	0.9968454199895654	0.9014656685172453	0.9012046376745508	0.9968083520845678	1.0	0.9020327792386839	0.9744308487846136	0.9248026774575735	0.9634847346414376	0.9034610007739435	0.9007870285490224	0.9045447670308997
Mi_C1_3(A2)	0.9517862803546575	0.9495313162845174	0.8972371960208373	0.9274467786094787	0.9270881105868414	0.8975963292608767	0.9020327792386839	1.0	0.9011373386078835	0.8964678689499823	0.8988224012529199	0.9493474783821011	0.9271099744245525	0.9522787549948599
Mi_C1_2(B1)	0.9024623587240105	0.9015384470017971	0.9699860464673734	0.8998999819162651	0.9007688393490166	0.9708813857221344	0.9744308487846136	0.9011373386078835	1.0	0.9209232360965547	0.9557274376626558	0.9010896784145859	0.8990974153140663	0.9081316202827339
Ma4n_C1_3(B2)	0.8998002123063599	0.896961481483822	0.9209237491791222	0.8955486531508966	0.8944067031779306	0.9194575650253528	0.9248026774575735	0.8964678689499823	0.9209232360965547	1.0	0.9204357227703208	0.8977891522513055	0.8930531153554849	0.8985924505242852
Mj_C1_4(B2)	0.9020681101371624	0.899803610995613	0.9546189910078985	0.8963417150605784	0.9072475339133549	0.9545316682849566	0.9634847346414376	0.8988224012529199	0.9557274376626558	0.9204357227703208	1.0	0.9004204148359829	0.9067707521114072	0.9096645596872015
Ma4n_C1_1(A1)	0.9991298467535825	0.9984943478189546	0.8994959323712717	0.9394114769067348	0.9392854287728449	0.8999841263308895	0.9034610007739435	0.9493474783821011	0.9010896784145859	0.8977891522513055	0.9004204148359829	1.0	0.93893921063509	0.9426704711587905
Ma3n_C1_3(A2)	0.9348344567161354	0.9430968880552555	0.8947098390310219	0.9936831760482423	0.997856128920451	0.8942807263736448	0.9007870285490224	0.9271099744245525	0.8990974153140663	0.8930531153554849	0.9067707521114072	0.93893921063509	1.0	0.9359985936414362
Mi_C1_1(A1)	0.9451885010583737	0.9438504699438128	0.922027539836229	0.9391596302833425	0.9365382773722282	0.9206354989267217	0.9045447670308997	0.9522787549948599	0.9081316202827339	0.8985924505242852	0.9096645596872015	0.9426704711587905	0.9359985936414362	1.0
