Ma3n_C1_1(A1)	Ma3n_C1_3(A2)	Ma3n_C1_2(B1)	Ma4n_C1_1(A1)	Ma4n_C1_4(A2)	Ma4n_C1_2(B1)	Ma4n_C1_3(B2)	Mi_C1_1(A1)	Mi_C1_3(A2)	Mi_C1_2(B1)	Mj_C1_1(A1)	Mj_C1_3(A2)	Mj_C1_2(B1)	Mj_C1_4(B2)
Ma3n_C1_1(A1)	0	0.0945449	0.14583	0.0	0.09616	0.145754	0.143925	0.0767943	0.06270985	0.133753	0.0	0.0957765	0.147468	0.145678
Ma3n_C1_3(A2)	0.0945449	0	0.153626	0.08904	0.0	0.1547885	0.160221	0.0914685	0.103353	0.144858	0.0877239	0.0	0.138662	0.153896
Ma3n_C1_2(B1)	0.14583	0.153626	0	0.149697	0.157202	0.0	0.11924199999999999	0.150119	0.154118	0.0170782	0.14859899999999998	0.15027849999999998	0.0	0.0392137
Ma4n_C1_1(A1)	0.0	0.08904	0.149697	0	0.08769479999999999	0.143846	0.148513	0.0780244	0.0672867	0.132713	0.0	0.09072575	0.13975	0.14783049999999998
Ma4n_C1_4(A2)	0.09616	0.0	0.157202	0.08769479999999999	0	0.1558995	0.164924	0.09014995	0.102406	0.1460765	0.08904	0.0	0.142292	0.15209
Ma4n_C1_2(B1)	0.145754	0.1547885	0.0	0.143846	0.1558995	0	0.116808	0.1506805	0.154574	0.0189901	0.1493215	0.1499875	0.0	0.0390941
Ma4n_C1_3(B2)	0.143925	0.160221	0.11924199999999999	0.148513	0.164924	0.116808	0	0.1617305	0.1621435	0.119754	0.156789	0.167469	0.108517	0.1197965
Mi_C1_1(A1)	0.0767943	0.0914685	0.150119	0.0780244	0.09014995	0.1506805	0.1617305	0	0.0671381	0.1431865	0.0834916	0.0944773	0.144895	0.155975
Mi_C1_3(A2)	0.06270985	0.103353	0.154118	0.0672867	0.102406	0.154574	0.1621435	0.0671381	0	0.204208	0.06735235	0.1030855	0.13618999999999998	0.146442
Mi_C1_2(B1)	0.133753	0.144858	0.0170782	0.132713	0.1460765	0.0189901	0.119754	0.1431865	0.204208	0	0.133438	0.147603	0.017644550000000002	0.0366823
Mj_C1_1(A1)	0.0	0.0877239	0.14859899999999998	0.0	0.08904	0.1493215	0.156789	0.0834916	0.06735235	0.133438	0	0.0828305	0.13712	0.14548
Mj_C1_3(A2)	0.0957765	0.0	0.15027849999999998	0.09072575	0.0	0.1499875	0.167469	0.0944773	0.1030855	0.147603	0.0828305	0	0.14424700000000001	0.15421200000000002
Mj_C1_2(B1)	0.147468	0.138662	0.0	0.13975	0.142292	0.0	0.108517	0.144895	0.13618999999999998	0.017644550000000002	0.13712	0.14424700000000001	0	0.0305511
Mj_C1_4(B2)	0.145678	0.153896	0.0392137	0.14783049999999998	0.15209	0.0390941	0.1197965	0.155975	0.146442	0.0366823	0.14548	0.15421200000000002	0.0305511	0
