Mi_C10_1(A1)	Mi_C10_2(A2)	Ma3n_C10_2(A1)	Mj_C10_1(A2)	Mj_C10_3(B1)	Ma4n_C10_2(B2)	Ma3n_C10_1(B1)	Ma4n_C10_3(A1)	Ma3n_C10_3(A2)	Mj_C10_2(A1)	Ma4n_C10_1(B1)	Mi_C10_3(B1)	Ma4n_C10_4(A2)	Mj_C10_4(B2)
Mi_C10_1(A1)	1.0	0.9442999733242123	0.9342827919969707	0.9419878284441052	0.9012913358018655	0.8969450732516722	0.9020340005399623	0.9374890555563198	0.942261892205275	0.9370013779727538	0.9015590290599647	0.9026416173984535	0.9417453907497869	0.8993394474847349
Mi_C10_2(A2)	0.9442999733242123	1.0	0.9643297409020447	0.9341803584126741	0.9111912116056131	0.9066773515392461	0.9133845724981084	0.956827262303151	0.9370601658449274	0.9559592722047995	0.910751858274819	0.9116606505967032	0.9360573959405807	0.9071250944122216
Ma3n_C10_2(A1)	0.9342827919969707	0.9643297409020447	1.0	0.9399965690425439	0.8941631118312253	0.8919458330021482	0.8952573251302229	0.9987813210438724	0.9416072354055302	0.998509286184983	0.8938196570915082	0.8936875605882926	0.940735108927204	0.8912220670428966
Mj_C10_1(A2)	0.9419878284441052	0.9341803584126741	0.9399965690425439	1.0	0.8976991386443516	0.8962194093655206	0.8987517723999076	0.9451106218347065	0.9979857569609147	0.9447136185455222	0.8980358910170577	0.8978896907381093	0.998141462552646	0.895336324978998
Mj_C10_3(B1)	0.9012913358018655	0.9111912116056131	0.8941631118312253	0.8976991386443516	1.0	0.9214057992952889	0.9983722306837557	0.8965542866528484	0.8972590299902379	0.8983277315381971	0.998488057447837	0.9854928904338449	0.896498753523343	0.9599649563463514
Ma4n_C10_2(B2)	0.8969450732516722	0.9066773515392461	0.8919458330021482	0.8962194093655206	0.9214057992952889	1.0	0.9223024056308731	0.8940051146738316	0.8961312450096014	0.8944704986499185	0.9216164050569793	0.9202860023001052	0.8959058144762787	0.9211259200729323
Ma3n_C10_1(B1)	0.9020340005399623	0.9133845724981084	0.8952573251302229	0.8987517723999076	0.9983722306837557	0.9223024056308731	1.0	0.8964702398940714	0.898428763751371	0.9008251230346048	0.9983245227817648	0.9856883618998515	0.8970709553841377	0.9600802136339897
Ma4n_C10_3(A1)	0.9374890555563198	0.956827262303151	0.9987813210438724	0.9451106218347065	0.8965542866528484	0.8940051146738316	0.8964702398940714	1.0	0.9465301931808442	0.9988345195270956	0.8971299376412808	0.8963976247632777	0.9450916397656075	0.8943547880953477
Ma3n_C10_3(A2)	0.942261892205275	0.9370601658449274	0.9416072354055302	0.9979857569609147	0.8972590299902379	0.8961312450096014	0.898428763751371	0.9465301931808442	1.0	0.9465650095913125	0.8978832431000513	0.8970383404935867	0.9981055664649753	0.8952705577390032
Mj_C10_2(A1)	0.9370013779727538	0.9559592722047995	0.998509286184983	0.9447136185455222	0.8983277315381971	0.8944704986499185	0.9008251230346048	0.9988345195270956	0.9465650095913125	1.0	0.8978717330245076	0.8978538669601606	0.9450453411146944	0.8943787516028358
Ma4n_C10_1(B1)	0.9015590290599647	0.910751858274819	0.8938196570915082	0.8980358910170577	0.998488057447837	0.9216164050569793	0.9983245227817648	0.8971299376412808	0.8978832431000513	0.8978717330245076	1.0	0.9856107929488339	0.8970312514483088	0.9602874768012383
Mi_C10_3(B1)	0.9026416173984535	0.9116606505967032	0.8936875605882926	0.8978896907381093	0.9854928904338449	0.9202860023001052	0.9856883618998515	0.8963976247632777	0.8970383404935867	0.8978538669601606	0.9856107929488339	1.0	0.8963986662342738	0.9599794781851319
Ma4n_C10_4(A2)	0.9417453907497869	0.9360573959405807	0.940735108927204	0.998141462552646	0.896498753523343	0.8959058144762787	0.8970709553841377	0.9450916397656075	0.9981055664649753	0.9450453411146944	0.8970312514483088	0.8963986662342738	1.0	0.8946410799934956
Mj_C10_4(B2)	0.8993394474847349	0.9071250944122216	0.8912220670428966	0.895336324978998	0.9599649563463514	0.9211259200729323	0.9600802136339897	0.8943547880953477	0.8952705577390032	0.8943787516028358	0.9602874768012383	0.9599794781851319	0.8946410799934956	1.0
