Ma3n_C10_2(A1)	Ma3n_C10_3(A2)	Ma3n_C10_1(B1)	Ma4n_C10_3(A1)	Ma4n_C10_4(A2)	Ma4n_C10_1(B1)	Ma4n_C10_2(B2)	Mi_C10_1(A1)	Mi_C10_2(A2)	Mi_C10_3(B1)	Mj_C10_1(A2)	Mj_C10_2(A1)	Mj_C10_3(B1)	Mj_C10_4(B2)
Ma3n_C10_2(A1)	0	0.08271945	0.1598985	0.0	0.08155409999999999	0.165832	0.166025	0.09550655	0.053308350000000004	0.1629565	0.08476625	0.0	0.164821	0.159211
Ma3n_C10_3(A2)	0.08271945	0	0.146061	0.06362994999999999	0.0	0.150118	0.15312599999999998	0.0743076	0.09094279999999999	0.145716	0.0	0.0649746	0.14623	0.1463005
Ma3n_C10_1(B1)	0.1598985	0.146061	0	0.153024	0.147431	0.0	0.118608	0.141616	0.15502	0.00716488	0.14453500000000002	0.156654	0.0	0.031131400000000004
Ma4n_C10_3(A1)	0.0	0.06362994999999999	0.153024	0	0.0688364	0.155951	0.1588125	0.08437	0.073379	0.152945	0.06659195	0.0	0.15333750000000002	0.151225
Ma4n_C10_4(A2)	0.08155409999999999	0.0	0.147431	0.0688364	0	0.155556	0.1564785	0.0809952	0.09618209999999999	0.14987	0.0	0.07116	0.150314	0.148327
Ma4n_C10_1(B1)	0.165832	0.150118	0.0	0.155951	0.155556	0	0.120499	0.147832	0.16014	0.00713235	0.1485625	0.161651	0.0	0.0310425
Ma4n_C10_2(B2)	0.166025	0.15312599999999998	0.118608	0.1588125	0.1564785	0.120499	0	0.152073	0.1378655	0.11323749999999999	0.154943	0.15617199999999998	0.109895	0.11196
Mi_C10_1(A1)	0.09550655	0.0743076	0.141616	0.08437	0.0809952	0.147832	0.152073	0	0.0839208	0.14070850000000001	0.0756728	0.0859779	0.141504	0.141506
Mi_C10_2(A2)	0.053308350000000004	0.09094279999999999	0.15502	0.073379	0.09618209999999999	0.16014	0.1378655	0.0839208	0	0.135391	0.0952159	0.063494	0.145523	0.1332475
Mi_C10_3(B1)	0.1629565	0.145716	0.00716488	0.152945	0.14987	0.00713235	0.11323749999999999	0.14070850000000001	0.135391	0	0.147181	0.1610085	0.00693283	0.0311418
Mj_C10_1(A2)	0.08476625	0.0	0.14453500000000002	0.06659195	0.0	0.1485625	0.154943	0.0756728	0.0952159	0.147181	0	0.07120694999999999	0.14704250000000002	0.148342
Mj_C10_2(A1)	0.0	0.0649746	0.156654	0.0	0.07116	0.161651	0.15617199999999998	0.0859779	0.063494	0.1610085	0.07120694999999999	0	0.262788	0.153042
Mj_C10_3(B1)	0.164821	0.14623	0.0	0.15333750000000002	0.150314	0.0	0.109895	0.141504	0.145523	0.00693283	0.14704250000000002	0.262788	0	0.029089900000000002
Mj_C10_4(B2)	0.159211	0.1463005	0.031131400000000004	0.151225	0.148327	0.0310425	0.11196	0.141506	0.1332475	0.0311418	0.148342	0.153042	0.029089900000000002	0
