Ma3n_C11_2(A1)	Ma3n_C11_3(A2)	Ma3n_C11_1(B1)	Ma4n_C11_3(A1)	Ma4n_C11_4(A2)	Ma4n_C11_2(B1)	Ma4n_C11_1(B2)	Mi_C11_1(A1)	Mi_C11_2(A2)	Mi_C11_3(B1)	Mj_C11_2(A1)	Mj_C11_4(A2)	Mj_C11_3(B1)	Mj_C11_1(B2)
Ma3n_C11_2(A1)	0	0.0857184	0.16919050000000002	0.0	0.0739501	0.173199	0.17537	0.0949035	0.10277	0.1639135	0.0	0.0807974	0.170522	0.170364
Ma3n_C11_3(A2)	0.0857184	0	0.17059950000000002	0.0846923	0.0	0.1749865	0.178479	0.10889650000000001	0.104621	0.167044	0.0893562	0.0	0.171191	0.1691695
Ma3n_C11_1(B1)	0.16919050000000002	0.17059950000000002	0	0.16954049999999998	0.1665285	0.0	0.1163825	0.161912	0.152191	0.0185731	0.168417	0.1688285	0.0	0.0251425
Ma4n_C11_3(A1)	0.0	0.0846923	0.16954049999999998	0	0.0851423	0.171627	0.177175	0.101724	0.1090155	0.1643385	0.0	0.08293375	0.171387	0.1697285
Ma4n_C11_4(A2)	0.0739501	0.0	0.1665285	0.0851423	0	0.170145	0.16999350000000002	0.1016215	0.09901789999999999	0.163815	0.07398465	0.0	0.169693	0.165616
Ma4n_C11_2(B1)	0.173199	0.1749865	0.0	0.171627	0.170145	0	0.122538	0.1702065	0.158457	0.0190175	0.17301100000000003	0.17208400000000001	0.0	0.0298459
Ma4n_C11_1(B2)	0.17537	0.178479	0.1163825	0.177175	0.16999350000000002	0.122538	0	0.177327	0.163162	0.1318085	0.172213	0.179712	0.121602	0.133349
Mi_C11_1(A1)	0.0949035	0.10889650000000001	0.161912	0.101724	0.1016215	0.1702065	0.177327	0	0.07810775	0.163435	0.0983931	0.107835	0.166815	0.167624
Mi_C11_2(A2)	0.10277	0.104621	0.152191	0.1090155	0.09901789999999999	0.158457	0.163162	0.07810775	0	0.156744	0.09572735	0.105038	0.15505950000000002	0.148555
Mi_C11_3(B1)	0.1639135	0.167044	0.0185731	0.1643385	0.163815	0.0190175	0.1318085	0.163435	0.156744	0	0.161625	0.16508850000000003	0.0192307	0.028957
Mj_C11_2(A1)	0.0	0.0893562	0.168417	0.0	0.07398465	0.17301100000000003	0.172213	0.0983931	0.09572735	0.161625	0	0.080536	0.171445	0.16957850000000002
Mj_C11_4(A2)	0.0807974	0.0	0.1688285	0.08293375	0.0	0.17208400000000001	0.179712	0.107835	0.105038	0.16508850000000003	0.080536	0	0.169616	0.16720600000000002
Mj_C11_3(B1)	0.170522	0.171191	0.0	0.171387	0.169693	0.0	0.121602	0.166815	0.15505950000000002	0.0192307	0.171445	0.169616	0	0.0266847
Mj_C11_1(B2)	0.170364	0.1691695	0.0251425	0.1697285	0.165616	0.0298459	0.133349	0.167624	0.148555	0.028957	0.16957850000000002	0.16720600000000002	0.0266847	0
