Ma4n_C11_1(B2)	Ma4n_C11_3(A1)	Mi_C11_3(B1)	Mi_C11_2(A2)	Ma3n_C11_3(A2)	Mj_C11_3(B1)	Ma3n_C11_1(B1)	Ma3n_C11_2(A1)	Mj_C11_4(A2)	Mj_C11_1(B2)	Mi_C11_1(A1)	Ma4n_C11_4(A2)	Mj_C11_2(A1)	Ma4n_C11_2(B1)
Ma4n_C11_1(B2)	1.0	0.891007369897736	0.9189402877831365	0.9013637567603713	0.8912122554137147	0.9256866480294896	0.9257949093677904	0.8940267226952863	0.8919199855153996	0.9219021061494331	0.8949117883651071	0.8946757992866052	0.8946584045362702	0.9216960380141244
Ma4n_C11_3(A1)	0.891007369897736	1.0	0.8965432580004247	0.9327651355960379	0.94535082670159	0.8957106543905193	0.8956521124708942	0.9985521344038004	0.9452318009125753	0.8945541103253369	0.9373801084034039	0.9438792619424841	0.9984534053868183	0.8962834591256087
Mi_C11_3(B1)	0.9189402877831365	0.8965432580004247	1.0	0.9074061478785302	0.8959153931692196	0.9710757145166812	0.9708429019054365	0.8999089462350484	0.8969511217634325	0.9608884172151103	0.9020435455111817	0.8995867897149638	0.9004980947045544	0.9710132817660213
Mi_C11_2(A2)	0.9013637567603713	0.9327651355960379	0.9074061478785302	1.0	0.9332626631266501	0.9111662228365824	0.9118036806269735	0.9353097289063358	0.9339641583357908	0.9111432897387427	0.9519586163462266	0.9366650205823369	0.9384435033756494	0.9070316826374607
Ma3n_C11_3(A2)	0.8912122554137147	0.94535082670159	0.8959153931692196	0.9332626631266501	1.0	0.8947832812748445	0.8950286931209055	0.9450483230359845	0.9987668716556186	0.8941517062376254	0.9355883529460933	0.9978968456207182	0.9435183739946054	0.89500403743549
Mj_C11_3(B1)	0.9256866480294896	0.8957106543905193	0.9710757145166812	0.9111662228365824	0.8947832812748445	1.0	0.9991026834666387	0.8974507026177799	0.8956020095476477	0.9641566983988493	0.8988262843121237	0.8971527403923851	0.8982324346467376	0.9957976499875426
Ma3n_C11_1(B1)	0.9257949093677904	0.8956521124708942	0.9708429019054365	0.9118036806269735	0.8950286931209055	0.9991026834666387	1.0	0.8973810425016722	0.8950809914239554	0.9639984256773788	0.8994303753448992	0.896528426108308	0.8979125393097274	0.9956284987189072
Ma3n_C11_2(A1)	0.8940267226952863	0.9985521344038004	0.8999089462350484	0.9353097289063358	0.9450483230359845	0.8974507026177799	0.8973810425016722	1.0	0.9470956021523861	0.8957815977037443	0.9395954081784659	0.9489967678065547	0.998588094790841	0.898042463204545
Mj_C11_4(A2)	0.8919199855153996	0.9452318009125753	0.8969511217634325	0.9339641583357908	0.9987668716556186	0.8956020095476477	0.8950809914239554	0.9470956021523861	1.0	0.8947666915513579	0.936563198349513	0.997950648917776	0.9462238774691946	0.8958164304733992
Mj_C11_1(B2)	0.9219021061494331	0.8945541103253369	0.9608884172151103	0.9111432897387427	0.8941517062376254	0.9641566983988493	0.9639984256773788	0.8957815977037443	0.8947666915513579	1.0	0.900770148288276	0.8951194039226948	0.8960159244872583	0.9611086888484064
Mi_C11_1(A1)	0.8949117883651071	0.9373801084034039	0.9020435455111817	0.9519586163462266	0.9355883529460933	0.8988262843121237	0.8994303753448992	0.9395954081784659	0.936563198349513	0.900770148288276	1.0	0.9378849459474299	0.9394700312027542	0.8990487569012673
Ma4n_C11_4(A2)	0.8946757992866052	0.9438792619424841	0.8995867897149638	0.9366650205823369	0.9978968456207182	0.8971527403923851	0.896528426108308	0.9489967678065547	0.997950648917776	0.8951194039226948	0.9378849459474299	1.0	0.9485283654022858	0.8971250004038072
Mj_C11_2(A1)	0.8946584045362702	0.9984534053868183	0.9004980947045544	0.9384435033756494	0.9435183739946054	0.8982324346467376	0.8979125393097274	0.998588094790841	0.9462238774691946	0.8960159244872583	0.9394700312027542	0.9485283654022858	1.0	0.8983005009199123
Ma4n_C11_2(B1)	0.9216960380141244	0.8962834591256087	0.9710132817660213	0.9070316826374607	0.89500403743549	0.9957976499875426	0.9956284987189072	0.898042463204545	0.8958164304733992	0.9611086888484064	0.8990487569012673	0.8971250004038072	0.8983005009199123	1.0
