Ma3n_C12_1(A2)	Ma3n_C12_2(A1)	Ma3n_C12_3(B1)	Ma4n_C12_1(A1)	Ma4n_C12_4(A2)	Ma4n_C12_3(B1)	Ma4n_C12_2(B2)	Mi_C12_2(A1)	Mi_C12_3(A2)	Mi_C12_1(B1)	Mj_C12_1(A1)	Mj_C12_2(A2)	Mj_C12_3(B1)	Mj_C12_4(B2)
Ma3n_C12_1(A2)	0	0.10098	0.1720085	0.09554485	0.0	0.168592	0.1712995	0.1022435	0.101746	0.169495	0.096621	0.0	0.166828	0.167763
Ma3n_C12_2(A1)	0.10098	0	0.159691	0.0	0.0981671	0.161602	0.159952	0.1079525	0.0953735	0.161114	0.0	0.0972015	0.1580135	0.1578
Ma3n_C12_3(B1)	0.1720085	0.159691	0	0.161793	0.162421	0.0	0.113701	0.155577	0.1572275	0.023079	0.16463499999999998	0.162325	0.0	0.0336525
Ma4n_C12_1(A1)	0.09554485	0.0	0.161793	0	0.0971943	0.163217	0.162427	0.10817099999999999	0.0985591	0.1634845	0.0	0.0925122	0.160808	0.159144
Ma4n_C12_4(A2)	0.0	0.0981671	0.162421	0.0971943	0	0.1630975	0.166057	0.1022435	0.1019775	0.166898	0.100027	0.0	0.16322799999999998	0.163546
Ma4n_C12_3(B1)	0.168592	0.161602	0.0	0.163217	0.1630975	0	0.116162	0.1564865	0.1609275	0.024311	0.167178	0.16515400000000002	0.0	0.033716
Ma4n_C12_2(B2)	0.1712995	0.159952	0.113701	0.162427	0.166057	0.116162	0	0.167369	0.16680499999999998	0.133275	0.16923	0.1636425	0.118171	0.1254115
Mi_C12_2(A1)	0.1022435	0.1079525	0.155577	0.10817099999999999	0.1022435	0.1564865	0.167369	0	0.0695472	0.156835	0.113933	0.0976701	0.1556595	0.153657
Mi_C12_3(A2)	0.101746	0.0953735	0.1572275	0.0985591	0.1019775	0.1609275	0.16680499999999998	0.0695472	0	0.15971649999999998	0.100026	0.0937404	0.155935	0.153664
Mi_C12_1(B1)	0.169495	0.161114	0.023079	0.1634845	0.166898	0.024311	0.133275	0.156835	0.15971649999999998	0	0.1650555	0.160636	0.0197962	0.034464049999999996
Mj_C12_1(A1)	0.096621	0.0	0.16463499999999998	0.0	0.100027	0.167178	0.16923	0.113933	0.100026	0.1650555	0	0.0935194	0.1609835	0.1585475
Mj_C12_2(A2)	0.0	0.0972015	0.162325	0.0925122	0.0	0.16515400000000002	0.1636425	0.0976701	0.0937404	0.160636	0.0935194	0	0.16368549999999998	0.1673415
Mj_C12_3(B1)	0.166828	0.1580135	0.0	0.160808	0.16322799999999998	0.0	0.118171	0.1556595	0.155935	0.0197962	0.1609835	0.16368549999999998	0	0.0349596
Mj_C12_4(B2)	0.167763	0.1578	0.0336525	0.159144	0.163546	0.033716	0.1254115	0.153657	0.153664	0.034464049999999996	0.1585475	0.1673415	0.0349596	0
