Ma3n_C12_1(A2)	Ma3n_C12_2(A1)	Mj_C12_1(A1)	Ma4n_C12_2(B2)	Mj_C12_4(B2)	Mi_C12_2(A1)	Mj_C12_2(A2)	Ma4n_C12_1(A1)	Ma4n_C12_4(A2)	Mi_C12_3(A2)	Ma4n_C12_3(B1)	Mj_C12_3(B1)	Ma3n_C12_3(B1)	Mi_C12_1(B1)
Ma3n_C12_1(A2)	1.0	0.9379733940050485	0.9392441622005906	0.890918313915434	0.8930078752914093	0.9342147044928244	0.9989469563226953	0.9423438009823893	0.9987169313392376	0.9349422085279214	0.8938284023883093	0.8941321847641146	0.893744858099748	0.8944530144548424
Ma3n_C12_2(A1)	0.9379733940050485	1.0	0.9988030257349467	0.8923441746173696	0.8935537576253436	0.929014631012559	0.9378989562097134	0.9976070375753621	0.9372657638152688	0.9369525067342866	0.8934312075181351	0.8932295683695363	0.8924875558521453	0.892824766762615
Mj_C12_1(A1)	0.9392441622005906	0.9988030257349467	1.0	0.8919366808206719	0.8932110190017675	0.9297085977929593	0.9390201882021307	0.9976469497092103	0.9372495595202557	0.9364190808028374	0.8931878497975267	0.8929726334973873	0.8921427037921094	0.8924463522463729
Ma4n_C12_2(B2)	0.890918313915434	0.8923441746173696	0.8919366808206719	1.0	0.9230319817939535	0.891239937809259	0.8909457837853184	0.8926735035076506	0.8917297889571721	0.8916708503669702	0.9263419163204989	0.9257759804675441	0.926177311612124	0.9267740413172574
Mj_C12_4(B2)	0.8930078752914093	0.8935537576253436	0.8932110190017675	0.9230319817939535	1.0	0.8968018144412764	0.8930247043046631	0.8931885795767573	0.893251335439252	0.8978355024313798	0.9603264053719808	0.960767527632945	0.961286512253735	0.9599534355634807
Mi_C12_2(A1)	0.9342147044928244	0.929014631012559	0.9297085977929593	0.891239937809259	0.8968018144412764	1.0	0.9342817310699725	0.9297055606557775	0.9337312237546795	0.9507642717935194	0.8947772953977796	0.8949934752752847	0.8944033375314862	0.896422876889218
Mj_C12_2(A2)	0.9989469563226953	0.9378989562097134	0.9390201882021307	0.8909457837853184	0.8930247043046631	0.9342817310699725	1.0	0.941370819415742	0.9988042276206679	0.934816014882878	0.8933251558093298	0.8934134031814988	0.8931668028089538	0.8940680128608611
Ma4n_C12_1(A1)	0.9423438009823893	0.9976070375753621	0.9976469497092103	0.8926735035076506	0.8931885795767573	0.9297055606557775	0.941370819415742	1.0	0.9398567419347246	0.9371168664150286	0.8940563297289253	0.8933798132020396	0.8928595646279306	0.8931123987910143
Ma4n_C12_4(A2)	0.9987169313392376	0.9372657638152688	0.9372495595202557	0.8917297889571721	0.893251335439252	0.9337312237546795	0.9988042276206679	0.9398567419347246	1.0	0.9347969173573983	0.8939248795243625	0.8936341872235889	0.8935852384857754	0.8935796072598703
Mi_C12_3(A2)	0.9349422085279214	0.9369525067342866	0.9364190808028374	0.8916708503669702	0.8978355024313798	0.9507642717935194	0.934816014882878	0.9371168664150286	0.9347969173573983	1.0	0.8964399353271515	0.8968182174209303	0.8961160472212673	0.8966350773697046
Ma4n_C12_3(B1)	0.8938284023883093	0.8934312075181351	0.8931878497975267	0.9263419163204989	0.9603264053719808	0.8947772953977796	0.8933251558093298	0.8940563297289253	0.8939248795243625	0.8964399353271515	1.0	0.9984873102943249	0.9983884510651605	0.9725082946210232
Mj_C12_3(B1)	0.8941321847641146	0.8932295683695363	0.8929726334973873	0.9257759804675441	0.960767527632945	0.8949934752752847	0.8934134031814988	0.8933798132020396	0.8936341872235889	0.8968182174209303	0.9984873102943249	1.0	0.9984120941545216	0.9737264714440588
Ma3n_C12_3(B1)	0.893744858099748	0.8924875558521453	0.8921427037921094	0.926177311612124	0.961286512253735	0.8944033375314862	0.8931668028089538	0.8928595646279306	0.8935852384857754	0.8961160472212673	0.9983884510651605	0.9984120941545216	1.0	0.9726240341976932
Mi_C12_1(B1)	0.8944530144548424	0.892824766762615	0.8924463522463729	0.9267740413172574	0.9599534355634807	0.896422876889218	0.8940680128608611	0.8931123987910143	0.8935796072598703	0.8966350773697046	0.9725082946210232	0.9737264714440588	0.9726240341976932	1.0
