Ma4n_C13_2(A1)	Mi_C13_3(B1)	Ma4n_C13_3(A2)	Mi_C13_2(A2)	Mi_C13_1(A1)	Mj_C13_2(A2)	Ma3n_C13_2(A1)	Mj_C13_1(B2)	Ma3n_C13_1(B1)	Ma4n_C13_1(B1)	Ma3n_C13_3(A2)	Mj_C13_3(A1)	Ma4n_C13_4(B2)	Mj_C13_4(B1)
Ma4n_C13_2(A1)	1.0	0.898757469897519	0.9512839661184611	0.9394719767510016	0.9450338856744047	0.9505317085874447	0.9980137801431176	0.8975534468437588	0.901864339882852	0.9003909333771213	0.9517778718411418	0.9964900243812549	0.8964409544184214	0.9013901848332998
Mi_C13_3(B1)	0.898757469897519	1.0	0.8966001042266905	0.903310755012036	0.9078317852758957	0.897089210437084	0.8983097102186071	0.9566102976371273	0.9679329548526628	0.9686647079853998	0.8982034624207081	0.8974682783089782	0.9236335639555988	0.9696724148639309
Ma4n_C13_3(A2)	0.9512839661184611	0.8966001042266905	1.0	0.9398620565335927	0.940071822081381	0.9971289359113296	0.9508622618040943	0.8960975844938008	0.8970930676125614	0.8992099230245402	0.9966768452962573	0.9523738369280504	0.8929412634889696	0.8991983120560711
Mi_C13_2(A2)	0.9394719767510016	0.903310755012036	0.9398620565335927	1.0	0.9595214272340961	0.9401216484281605	0.9398458333654047	0.9041042354535076	0.9018277117889806	0.9050271451238343	0.9397920383485611	0.9402124059691872	0.896027516847309	0.9020581045788352
Mi_C13_1(A1)	0.9450338856744047	0.9078317852758957	0.940071822081381	0.9595214272340961	1.0	0.9400901555388042	0.9448207387121142	0.9053844757291781	0.903093850223745	0.906073154653293	0.9407947375570594	0.9429266505074578	0.8976489659545429	0.9026974850198329
Mj_C13_2(A2)	0.9505317085874447	0.897089210437084	0.9971289359113296	0.9401216484281605	0.9400901555388042	1.0	0.9496746442678543	0.8963251635720867	0.8987530432815208	0.901425750082259	0.997461772894545	0.952716733776769	0.8938404049726422	0.9017976555571899
Ma3n_C13_2(A1)	0.9980137801431176	0.8983097102186071	0.9508622618040943	0.9398458333654047	0.9448207387121142	0.9496746442678543	1.0	0.8973997125513419	0.8983158412560958	0.8990768966132505	0.9512370280678573	0.9969513093040324	0.8952733600420866	0.8991807130936844
Mj_C13_1(B2)	0.8975534468437588	0.9566102976371273	0.8960975844938008	0.9041042354535076	0.9053844757291781	0.8963251635720867	0.8973997125513419	1.0	0.9602881391590287	0.9596275004460145	0.8966128737013256	0.8963256530958189	0.923804292749618	0.962798595155009
Ma3n_C13_1(B1)	0.901864339882852	0.9679329548526628	0.8970930676125614	0.9018277117889806	0.903093850223745	0.8987530432815208	0.8983158412560958	0.9602881391590287	1.0	0.997175854563836	0.8993130631217754	0.8998207503571913	0.9256985951215035	0.9971062754161271
Ma4n_C13_1(B1)	0.9003909333771213	0.9686647079853998	0.8992099230245402	0.9050271451238343	0.906073154653293	0.901425750082259	0.8990768966132505	0.9596275004460145	0.997175854563836	1.0	0.899586048755212	0.8992195557077737	0.9261707337461237	0.9969882499656733
Ma3n_C13_3(A2)	0.9517778718411418	0.8982034624207081	0.9966768452962573	0.9397920383485611	0.9407947375570594	0.997461772894545	0.9512370280678573	0.8966128737013256	0.8993130631217754	0.899586048755212	1.0	0.9487561886736804	0.8944655264032392	0.8992588765415368
Mj_C13_3(A1)	0.9964900243812549	0.8974682783089782	0.9523738369280504	0.9402124059691872	0.9429266505074578	0.952716733776769	0.9969513093040324	0.8963256530958189	0.8998207503571913	0.8992195557077737	0.9487561886736804	1.0	0.8949604358541964	0.9024825935028175
Ma4n_C13_4(B2)	0.8964409544184214	0.9236335639555988	0.8929412634889696	0.896027516847309	0.8976489659545429	0.8938404049726422	0.8952733600420866	0.923804292749618	0.9256985951215035	0.9261707337461237	0.8944655264032392	0.8949604358541964	1.0	0.9285658502081712
Mj_C13_4(B1)	0.9013901848332998	0.9696724148639309	0.8991983120560711	0.9020581045788352	0.9026974850198329	0.9017976555571899	0.8991807130936844	0.962798595155009	0.9971062754161271	0.9969882499656733	0.8992588765415368	0.9024825935028175	0.9285658502081712	1.0
