Ma3n_C13_2(A1)	Ma3n_C13_3(A2)	Ma3n_C13_1(B1)	Ma4n_C13_2(A1)	Ma4n_C13_3(A2)	Ma4n_C13_1(B1)	Ma4n_C13_4(B2)	Mi_C13_1(A1)	Mi_C13_2(A2)	Mi_C13_3(B1)	Mj_C13_2(A2)	Mj_C13_3(A1)	Mj_C13_4(B1)	Mj_C13_1(B2)
Ma3n_C13_2(A1)	0	0.0730518	0.153831	0.0	0.0737314	0.148654	0.159933	0.08608755	0.08179	0.152955	0.0798935	0.0	0.152161	0.1517995
Ma3n_C13_3(A2)	0.0730518	0	0.14776	0.0675603	0.0	0.146114	0.15109	0.0773778	0.0794265	0.14748899999999998	0.0	0.0736626	0.142829	0.1471055
Ma3n_C13_1(B1)	0.153831	0.14776	0	0.147671	0.14978999999999998	0.0	0.088659	0.144366	0.149164	0.01674075	0.147431	0.1472515	0.0	0.02564585
Ma4n_C13_2(A1)	0.0	0.0675603	0.147671	0	0.0716656	0.14918949999999997	0.155996	0.08250679999999999	0.08841855	0.149522	0.07092309999999999	0.0	0.152161	0.151712
Ma4n_C13_3(A2)	0.0737314	0.0	0.14978999999999998	0.0716656	0	0.1468635	0.153441	0.07669925	0.0797703	0.151194	0.0	0.0649963	0.145662	0.148027
Ma4n_C13_1(B1)	0.148654	0.146114	0.0	0.14918949999999997	0.1468635	0	0.1079215	0.1525495	0.153744	0.02311375	0.152488	0.165018	0.0	0.0303175
Ma4n_C13_4(B2)	0.159933	0.15109	0.088659	0.155996	0.153441	0.1079215	0	0.1583005	0.1584145	0.0980374	0.153983	0.1556185	0.09227925000000001	0.09618005
Mi_C13_1(A1)	0.08608755	0.0773778	0.144366	0.08250679999999999	0.07669925	0.1525495	0.1583005	0	0.0451998	0.1438835	0.0805372	0.0794926	0.146263	0.147597
Mi_C13_2(A2)	0.08179	0.0794265	0.149164	0.08841855	0.0797703	0.153744	0.1584145	0.0451998	0	0.1482525	0.0829893	0.0782044	0.1409665	0.148071
Mi_C13_3(B1)	0.152955	0.14748899999999998	0.01674075	0.149522	0.151194	0.02311375	0.0980374	0.1438835	0.1482525	0	0.1478195	0.145372	0.0172833	0.02734195
Mj_C13_2(A2)	0.0798935	0.0	0.147431	0.07092309999999999	0.0	0.152488	0.153983	0.0805372	0.0829893	0.1478195	0	0.0660606	0.14585	0.152879
Mj_C13_3(A1)	0.0	0.0736626	0.1472515	0.0	0.0649963	0.165018	0.1556185	0.0794926	0.0782044	0.145372	0.0660606	0	0.14176650000000002	0.146877
Mj_C13_4(B1)	0.152161	0.142829	0.0	0.152161	0.145662	0.0	0.09227925000000001	0.146263	0.1409665	0.0172833	0.14585	0.14176650000000002	0	0.02424775
Mj_C13_1(B2)	0.1517995	0.1471055	0.02564585	0.151712	0.148027	0.0303175	0.09618005	0.147597	0.148071	0.02734195	0.152879	0.146877	0.02424775	0
