Ma3n_C14_2(A1)	Ma3n_C14_3(A2)	Ma3n_C14_1(B1)	Ma4n_C14_2(A2)	Ma4n_C14_3(A1)	Ma4n_C14_1(B1)	Ma4n_C14_4(B2)	Mi_C14_1(A1)	Mi_C14_3(A2)	Mi_C14_2(B1)	Mj_C14_3(A1)	Mj_C14_4(A2)	Mj_C14_2(B1)	Mj_C14_1(B2)
Ma3n_C14_2(A1)	0	0.0712114	0.1651335	0.07472295	0.0	0.160954	0.16540300000000002	0.0727799	0.08291309999999999	0.163152	0.0	0.0641467	0.1646935	0.156848
Ma3n_C14_3(A2)	0.0712114	0	0.15914499999999998	0.0	0.0687338	0.156767	0.1663935	0.0793072	0.086368	0.156349	0.07014985	0.0	0.1605475	0.156823
Ma3n_C14_1(B1)	0.1651335	0.15914499999999998	0	0.1619765	0.162469	0.0	0.123735	0.148232	0.1559705	0.02042235	0.16195500000000002	0.157412	0.0	0.030376
Ma4n_C14_2(A2)	0.07472295	0.0	0.1619765	0	0.0791391	0.185108	0.16607149999999998	0.0849797	0.0927425	0.1593665	0.07212745000000001	0.0	0.163687	0.156817
Ma4n_C14_3(A1)	0.0	0.0687338	0.162469	0.0791391	0	0.1581365	0.163939	0.0804776	0.09008735	0.15813	0.0	0.0656031	0.16118	0.159273
Ma4n_C14_1(B1)	0.160954	0.156767	0.0	0.185108	0.1581365	0	0.1225575	0.151606	0.157661	0.0207374	0.157871	0.159415	0.0	0.0304007
Ma4n_C14_4(B2)	0.16540300000000002	0.1663935	0.123735	0.16607149999999998	0.163939	0.1225575	0	0.15446949999999998	0.163951	0.126958	0.1713465	0.16761399999999999	0.132013	0.130975
Mi_C14_1(A1)	0.0727799	0.0793072	0.148232	0.0849797	0.0804776	0.151606	0.15446949999999998	0	0.06019575	0.147123	0.08087285	0.0839767	0.152067	0.1513455
Mi_C14_3(A2)	0.08291309999999999	0.086368	0.1559705	0.0927425	0.09008735	0.157661	0.163951	0.06019575	0	0.150055	0.08921555	0.0888905	0.156367	0.156797
Mi_C14_2(B1)	0.163152	0.156349	0.02042235	0.1593665	0.15813	0.0207374	0.126958	0.147123	0.150055	0	0.155787	0.155205	0.020981	0.0307708
Mj_C14_3(A1)	0.0	0.07014985	0.16195500000000002	0.07212745000000001	0.0	0.157871	0.1713465	0.08087285	0.08921555	0.155787	0	0.06442515	0.167392	0.1596595
Mj_C14_4(A2)	0.0641467	0.0	0.157412	0.0	0.0656031	0.159415	0.16761399999999999	0.0839767	0.0888905	0.155205	0.06442515	0	0.160191	0.15758149999999999
Mj_C14_2(B1)	0.1646935	0.1605475	0.0	0.163687	0.16118	0.0	0.132013	0.152067	0.156367	0.020981	0.167392	0.160191	0	0.0315694
Mj_C14_1(B2)	0.156848	0.156823	0.030376	0.156817	0.159273	0.0304007	0.130975	0.1513455	0.156797	0.0307708	0.1596595	0.15758149999999999	0.0315694	0
