Ma3n_C14_3(A2)	Mj_C14_3(A1)	Mi_C14_2(B1)	Mj_C14_1(B2)	Ma3n_C14_1(B1)	Mi_C14_3(A2)	Mi_C14_1(A1)	Ma4n_C14_3(A1)	Mj_C14_2(B1)	Ma3n_C14_2(A1)	Mj_C14_4(A2)	Ma4n_C14_2(A2)	Ma4n_C14_4(B2)	Ma4n_C14_1(B1)
Ma3n_C14_3(A2)	1.0	0.9524382647323278	0.8959692586629142	0.8957684045087062	0.8974126868560938	0.9386951356453529	0.9404284184756262	0.9528799832632837	0.8971507901916154	0.9549115242869699	0.9970490017471916	0.9983282920160604	0.8932332884133602	0.897863722636148
Mj_C14_3(A1)	0.9524382647323278	1.0	0.8974316766432346	0.8991907998892765	0.8986994108182162	0.9442652496343275	0.9432502340310855	0.9978577723959811	0.8987474301096042	0.998091814437765	0.9545583318956177	0.9502352149078036	0.8954066940471133	0.8994085090536243
Mi_C14_2(B1)	0.8959692586629142	0.8974316766432346	1.0	0.9622642838823864	0.9739750382249405	0.9016410398330587	0.9012246641579659	0.8964605007045501	0.9736786540074194	0.8969176498874365	0.8967897890033316	0.8963284687550461	0.9217608231440279	0.9738194444725288
Mj_C14_1(B2)	0.8957684045087062	0.8991907998892765	0.9622642838823864	1.0	0.964503163839479	0.9044150631688259	0.9019564566861965	0.897707458184718	0.9639061605004748	0.899123582716806	0.8974438867679183	0.8972245242238688	0.922923298712431	0.9641673006704142
Ma3n_C14_1(B1)	0.8974126868560938	0.8986994108182162	0.9739750382249405	0.964503163839479	1.0	0.9029209756976414	0.9019692786495882	0.8982690315958628	0.9984636001468673	0.8983493821936719	0.8976223126805427	0.8972014574959618	0.9213816548510617	0.998673308599078
Mi_C14_3(A2)	0.9386951356453529	0.9442652496343275	0.9016410398330587	0.9044150631688259	0.9029209756976414	1.0	0.9554423524888455	0.945009666029884	0.9020929868451296	0.947119932672929	0.9388597353113668	0.9371700990331283	0.8965553936016605	0.9023222941960779
Mi_C14_1(A1)	0.9404284184756262	0.9432502340310855	0.9012246641579659	0.9019564566861965	0.9019692786495882	0.9554423524888455	1.0	0.9412930301961433	0.90034473179109	0.9483521253869792	0.9395581907713325	0.9372954754503401	0.8978921004274806	0.9001743106991514
Ma4n_C14_3(A1)	0.9528799832632837	0.9978577723959811	0.8964605007045501	0.897707458184718	0.8982690315958628	0.945009666029884	0.9412930301961433	1.0	0.8983530391252428	0.9967791640908957	0.9521872947995951	0.9472529607935966	0.8952340690128793	0.9023259766156078
Mj_C14_2(B1)	0.8971507901916154	0.8987474301096042	0.9736786540074194	0.9639061605004748	0.9984636001468673	0.9020929868451296	0.90034473179109	0.8983530391252428	1.0	0.8980816170435935	0.897693337005165	0.8973699928314807	0.9219013352140287	0.998902369171995
Ma3n_C14_2(A1)	0.9549115242869699	0.998091814437765	0.8969176498874365	0.899123582716806	0.8983493821936719	0.947119932672929	0.9483521253869792	0.9967791640908957	0.8980816170435935	1.0	0.9578229429019496	0.951156202960733	0.8958784518762317	0.9006032780720173
Mj_C14_4(A2)	0.9970490017471916	0.9545583318956177	0.8967897890033316	0.8974438867679183	0.8976223126805427	0.9388597353113668	0.9395581907713325	0.9521872947995951	0.897693337005165	0.9578229429019496	1.0	0.9981177927557136	0.8948789253971241	0.9007762001892441
Ma4n_C14_2(A2)	0.9983282920160604	0.9502352149078036	0.8963284687550461	0.8972245242238688	0.8972014574959618	0.9371700990331283	0.9372954754503401	0.9472529607935966	0.8973699928314807	0.951156202960733	0.9981177927557136	1.0	0.8940328673441106	0.8978065082848931
Ma4n_C14_4(B2)	0.8932332884133602	0.8954066940471133	0.9217608231440279	0.922923298712431	0.9213816548510617	0.8965553936016605	0.8978921004274806	0.8952340690128793	0.9219013352140287	0.8958784518762317	0.8948789253971241	0.8940328673441106	1.0	0.9219032806715963
Ma4n_C14_1(B1)	0.897863722636148	0.8994085090536243	0.9738194444725288	0.9641673006704142	0.998673308599078	0.9023222941960779	0.9001743106991514	0.9023259766156078	0.998902369171995	0.9006032780720173	0.9007762001892441	0.8978065082848931	0.9219032806715963	1.0
