Ma4n_C15_2(B2)	Mj_C15_4(A2)	Ma3n_C15_2(A1)	Mj_C15_2(B2)	Ma4n_C15_1(B1)	Ma4n_C15_4(A2)	Ma3n_C15_3(A2)	Mi_C15_2(B1)	Mj_C15_3(B1)	Mi_C15_3(A2)	Mi_C15_1(A1)	Ma3n_C15_1(B1)	Ma4n_C15_3(A1)	Mj_C15_1(A1)
Ma4n_C15_2(B2)	1.0	0.8945615006905622	0.8930595951965868	0.9218615053961934	0.9205973686044621	0.8927379443728457	0.8948789747984575	0.9204524007323585	0.9275648661629573	0.8935848236270147	0.8969745980932367	0.9244305360568619	0.8934932080520581	0.8934281696511314
Mj_C15_4(A2)	0.8945615006905622	1.0	0.9535798538610141	0.8962106135390997	0.896885267956017	0.9972835254681066	0.9964810081544035	0.9035313150832526	0.9017996742881182	0.9427828229303064	0.945171903733505	0.897396978298613	0.9507486740529904	0.9521550534011468
Ma3n_C15_2(A1)	0.8930595951965868	0.9535798538610141	1.0	0.893645576179416	0.8941120165995835	0.9526179808656262	0.9520737717558047	0.9008043992757123	0.898192049354071	0.9409813226021413	0.9417842268136176	0.8954320094908862	0.9964751955163578	0.9967240424268858
Mj_C15_2(B2)	0.9218615053961934	0.8962106135390997	0.893645576179416	1.0	0.9764904262954478	0.8958739850191981	0.896454500530775	0.9633388202063691	0.9604389658880307	0.8986224822322354	0.9027991761033283	0.970779316500004	0.8947413155016426	0.8951022434625323
Ma4n_C15_1(B1)	0.9205973686044621	0.896885267956017	0.8941120165995835	0.9764904262954478	1.0	0.8965437613388217	0.8981529459832591	0.9695801256558615	0.9947860633125176	0.896469969149456	0.8985479225943476	0.9968680167121736	0.8953070167019459	0.895514944499923
Ma4n_C15_4(A2)	0.8927379443728457	0.9972835254681066	0.9526179808656262	0.8958739850191981	0.8965437613388217	1.0	0.9967019752490637	0.9029288875149943	0.897130869859801	0.9418116363628425	0.9445190731221796	0.8950359791494327	0.9487333950990334	0.9522332706609034
Ma3n_C15_3(A2)	0.8948789747984575	0.9964810081544035	0.9520737717558047	0.896454500530775	0.8981529459832591	0.9967019752490637	1.0	0.903427409803305	0.9011900896077795	0.9419362975498945	0.9456618678870088	0.8983271128862758	0.9502982004938846	0.953949359882555
Mi_C15_2(B1)	0.9204524007323585	0.9035313150832526	0.9008043992757123	0.9633388202063691	0.9695801256558615	0.9029288875149943	0.903427409803305	1.0	0.964461614582534	0.9127917912816025	0.9017141469020191	0.9670410793307194	0.897856611338838	0.8988846999553136
Mj_C15_3(B1)	0.9275648661629573	0.9017996742881182	0.898192049354071	0.9604389658880307	0.9947860633125176	0.897130869859801	0.9011900896077795	0.964461614582534	1.0	0.902556061669718	0.9177839656125314	0.9974273189164052	0.8980749759781994	0.8983845124416615
Mi_C15_3(A2)	0.8935848236270147	0.9427828229303064	0.9409813226021413	0.8986224822322354	0.896469969149456	0.9418116363628425	0.9419362975498945	0.9127917912816025	0.902556061669718	1.0	0.9576013849453485	0.9004171485177511	0.9407168160409457	0.9410514410858144
Mi_C15_1(A1)	0.8969745980932367	0.945171903733505	0.9417842268136176	0.9027991761033283	0.8985479225943476	0.9445190731221796	0.9456618678870088	0.9017141469020191	0.9177839656125314	0.9576013849453485	1.0	0.9100990103715156	0.9429926549976618	0.9426244391957947
Ma3n_C15_1(B1)	0.9244305360568619	0.897396978298613	0.8954320094908862	0.970779316500004	0.9968680167121736	0.8950359791494327	0.8983271128862758	0.9670410793307194	0.9974273189164052	0.9004171485177511	0.9100990103715156	1.0	0.8956400572359616	0.8960286222929543
Ma4n_C15_3(A1)	0.8934932080520581	0.9507486740529904	0.9964751955163578	0.8947413155016426	0.8953070167019459	0.9487333950990334	0.9502982004938846	0.897856611338838	0.8980749759781994	0.9407168160409457	0.9429926549976618	0.8956400572359616	1.0	0.9966833587099692
Mj_C15_1(A1)	0.8934281696511314	0.9521550534011468	0.9967240424268858	0.8951022434625323	0.895514944499923	0.9522332706609034	0.953949359882555	0.8988846999553136	0.8983845124416615	0.9410514410858144	0.9426244391957947	0.8960286222929543	0.9966833587099692	1.0
