Ma3n_C15_2(A1)	Ma3n_C15_3(A2)	Ma3n_C15_1(B1)	Ma4n_C15_3(A1)	Ma4n_C15_4(A2)	Ma4n_C15_1(B1)	Ma4n_C15_2(B2)	Mi_C15_1(A1)	Mi_C15_3(A2)	Mi_C15_2(B1)	Mj_C15_1(A1)	Mj_C15_4(A2)	Mj_C15_3(B1)	Mj_C15_2(B2)
Ma3n_C15_2(A1)	0	0.07390179999999999	0.1634985	0.0	0.0867295	0.1644895	0.169436	0.0904597	0.104734	0.16327049999999999	0.0	0.07994905	0.153625	0.164101
Ma3n_C15_3(A2)	0.07390179999999999	0	0.1586465	0.0890058	0.0	0.165023	0.170023	0.0900811	0.10800000000000001	0.15865	0.08417155	0.0	0.15804	0.161886
Ma3n_C15_1(B1)	0.1634985	0.1586465	0	0.1900395	0.210327	0.0	0.12542999999999999	0.164396	0.184733	0.0488199	0.184102	0.184386	0.0	0.02906315
Ma4n_C15_3(A1)	0.0	0.0890058	0.1900395	0	0.0830048	0.155692	0.167802	0.0885225	0.0935487	0.15558	0.0	0.0830048	0.1524895	0.1585145
Ma4n_C15_4(A2)	0.0867295	0.0	0.210327	0.0830048	0	0.157861	0.165952	0.0838183	0.09436505	0.16007749999999998	0.0738549	0.0	0.15703	0.15912300000000001
Ma4n_C15_1(B1)	0.1644895	0.165023	0.0	0.155692	0.157861	0	0.116519	0.142701	0.150707	0.02678105	0.160836	0.152693	0.0	0.0152072
Ma4n_C15_2(B2)	0.169436	0.170023	0.12542999999999999	0.167802	0.165952	0.116519	0	0.167866	0.188775	0.151174	0.174395	0.163991	0.12245600000000001	0.137484
Mi_C15_1(A1)	0.0904597	0.0900811	0.164396	0.0885225	0.0838183	0.142701	0.167866	0	0.0663886	0.165117	0.0901191	0.0919849	0.132676	0.1614155
Mi_C15_3(A2)	0.104734	0.10800000000000001	0.184733	0.0935487	0.09436505	0.150707	0.188775	0.0663886	0	0.147781	0.0949368	0.08995739999999999	0.150805	0.153915
Mi_C15_2(B1)	0.16327049999999999	0.15865	0.0488199	0.15558	0.16007749999999998	0.02678105	0.151174	0.165117	0.147781	0	0.156985	0.156727	0.0336521	0.03062065
Mj_C15_1(A1)	0.0	0.08417155	0.184102	0.0	0.0738549	0.160836	0.174395	0.0901191	0.0949368	0.156985	0	0.072201	0.145415	0.159451
Mj_C15_4(A2)	0.07994905	0.0	0.184386	0.0830048	0.0	0.152693	0.163991	0.0919849	0.08995739999999999	0.156727	0.072201	0	0.155835	0.1628085
Mj_C15_3(B1)	0.153625	0.15804	0.0	0.1524895	0.15703	0.0	0.12245600000000001	0.132676	0.150805	0.0336521	0.145415	0.155835	0	0.0595965
Mj_C15_2(B2)	0.164101	0.161886	0.02906315	0.1585145	0.15912300000000001	0.0152072	0.137484	0.1614155	0.153915	0.03062065	0.159451	0.1628085	0.0595965	0
