Ma3n_C16_1(A1)	Ma3n_C16_2(A2)	Ma3n_C16_3(B1)	Ma4n_C16_1(A1)	Ma4n_C16_4(A2)	Ma4n_C16_2(B1)	Ma4n_C16_3(B2)	Mi_C16_2(A1)	Mi_C16_3(A2)	Mi_C16_1(B1)	Mj_C16_2(A1)	Mj_C16_3(A2)	Mj_C16_4(B1)	Mj_C16_1(B2)
Ma3n_C16_1(A1)	0	0.0925437	0.164432	0.0	0.0907718	0.172422	0.173863	0.0928598	0.0954526	0.163445	0.0	0.0872336	0.169573	0.1515355
Ma3n_C16_2(A2)	0.0925437	0	0.168576	0.0922155	0.0	0.1673045	0.170367	0.1055505	0.0985874	0.165763	0.0920945	0.0	0.169503	0.1512825
Ma3n_C16_3(B1)	0.164432	0.168576	0	0.162346	0.159881	0.0	0.122252	0.157455	0.157339	0.02260495	0.162051	0.158898	0.0	0.053820549999999995
Ma4n_C16_1(A1)	0.0	0.0922155	0.162346	0	0.09069895	0.1632155	0.1692885	0.0955191	0.09872095	0.16026049999999997	0.0	0.0881334	0.1627485	0.144931
Ma4n_C16_4(A2)	0.0907718	0.0	0.159881	0.09069895	0	0.1649695	0.372446	0.100182	0.0984232	0.1624915	0.0901745	0.0	0.16462949999999998	0.153789
Ma4n_C16_2(B1)	0.172422	0.1673045	0.0	0.1632155	0.1649695	0	0.124412	0.158571	0.16056	0.0232232	0.164242	0.165812	0.0	0.054741
Ma4n_C16_3(B2)	0.173863	0.170367	0.122252	0.1692885	0.372446	0.124412	0	0.168992	0.166618	0.126276	0.166687	0.166333	0.12539	0.146532
Mi_C16_2(A1)	0.0928598	0.1055505	0.157455	0.0955191	0.100182	0.158571	0.168992	0	0.0549146	0.1571065	0.0941167	0.099169	0.157094	0.1567875
Mi_C16_3(A2)	0.0954526	0.0985874	0.157339	0.09872095	0.0984232	0.16056	0.166618	0.0549146	0	0.152466	0.0991427	0.0980689	0.159827	0.156494
Mi_C16_1(B1)	0.163445	0.165763	0.02260495	0.16026049999999997	0.1624915	0.0232232	0.126276	0.1571065	0.152466	0	0.1615435	0.15950799999999998	0.0224553	0.057303999999999994
Mj_C16_2(A1)	0.0	0.0920945	0.162051	0.0	0.0901745	0.164242	0.166687	0.0941167	0.0991427	0.1615435	0	0.0901745	0.16212900000000002	0.14424700000000001
Mj_C16_3(A2)	0.0872336	0.0	0.158898	0.0881334	0.0	0.165812	0.166333	0.099169	0.0980689	0.15950799999999998	0.0901745	0	0.163708	0.1508595
Mj_C16_4(B1)	0.169573	0.169503	0.0	0.1627485	0.16462949999999998	0.0	0.12539	0.157094	0.159827	0.0224553	0.16212900000000002	0.163708	0	0.0514981
Mj_C16_1(B2)	0.1515355	0.1512825	0.053820549999999995	0.144931	0.153789	0.054741	0.146532	0.1567875	0.156494	0.057303999999999994	0.14424700000000001	0.1508595	0.0514981	0
