Ma3n_C17_1(A2)	Ma3n_C17_3(A1)	Ma3n_C17_2(B1)	Ma4n_C17_1(A1)	Ma4n_C17_3(A2)	Ma4n_C17_4(B1)	Ma4n_C17_2(B2)	Mi_C17_1(A1)	Mi_C17_3(B1)	Mj_C17_3(A1)	Mj_C17_4(A2)	Mj_C17_1(B1)	Mj_C17_2(B2)
Ma3n_C17_1(A2)	0	0.09613574999999999	0.178711	0.10007905	0.0	0.18521	0.1832435	0.107819	0.182037	0.0919555	0.0	0.189078	0.182472
Ma3n_C17_3(A1)	0.09613574999999999	0	0.172542	0.0	0.0846204	0.173387	0.16675299999999998	0.1023275	0.169965	0.0	0.08335695	0.174743	0.171716
Ma3n_C17_2(B1)	0.178711	0.172542	0	0.187395	0.177639	0.0	0.1487015	0.17746699999999999	0.0276538	0.182837	0.174399	0.0	0.0411002
Ma4n_C17_1(A1)	0.10007905	0.0	0.187395	0	0.09364055	0.184933	0.1835255	0.102082	0.1832495	0.0	0.094782	0.195737	0.18529400000000001
Ma4n_C17_3(A2)	0.0	0.0846204	0.177639	0.09364055	0	0.1742395	0.1781505	0.1023605	0.175421	0.08962875000000001	0.0	0.17296850000000003	0.174144
Ma4n_C17_4(B1)	0.18521	0.173387	0.0	0.184933	0.1742395	0	0.124479	0.163472	0.0224991	0.171768	0.174521	0.0	0.03536935
Ma4n_C17_2(B2)	0.1832435	0.16675299999999998	0.1487015	0.1835255	0.1781505	0.124479	0	0.184239	0.132833	0.172172	0.1777105	0.148057	0.135417
Mi_C17_1(A1)	0.107819	0.1023275	0.17746699999999999	0.102082	0.1023605	0.163472	0.184239	0	0.17786	0.101793	0.0997326	0.176439	0.1770455
Mi_C17_3(B1)	0.182037	0.169965	0.0276538	0.1832495	0.175421	0.0224991	0.132833	0.17786	0	0.1737975	0.173336	0.0247629	0.047328499999999996
Mj_C17_3(A1)	0.0919555	0.0	0.182837	0.0	0.08962875000000001	0.171768	0.172172	0.101793	0.1737975	0	0.07990765	0.1710415	0.165143
Mj_C17_4(A2)	0.0	0.08335695	0.174399	0.094782	0.0	0.174521	0.1777105	0.0997326	0.173336	0.07990765	0	0.17468850000000002	0.1773745
Mj_C17_1(B1)	0.189078	0.174743	0.0	0.195737	0.17296850000000003	0.0	0.148057	0.176439	0.0247629	0.1710415	0.17468850000000002	0	0.03546075
Mj_C17_2(B2)	0.182472	0.171716	0.0411002	0.18529400000000001	0.174144	0.03536935	0.135417	0.1770455	0.047328499999999996	0.165143	0.1773745	0.03546075	0
