Mi_C17_1(A1)	Ma4n_C17_3(A2)	Mj_C17_3(A1)	Mi_C17_3(B1)	Ma3n_C17_1(A2)	Mj_C17_2(B2)	Ma3n_C17_3(A1)	Mj_C17_4(A2)	Ma3n_C17_2(B1)	Ma4n_C17_2(B2)	Ma4n_C17_4(B1)	Mj_C17_1(B1)	Ma4n_C17_1(A1)
Mi_C17_1(A1)	1.0	0.9434968264589108	0.9421751726595718	0.9051524208962772	0.9457689448460213	0.906367560020969	0.9423772071342778	0.9465175228375848	0.9042205221809475	0.8966347042913575	0.9058563496879498	0.9070620431847031	0.9438598486523828
Ma4n_C17_3(A2)	0.9434968264589108	1.0	0.9450641615747234	0.8956495553038833	0.9979419432149749	0.8950552414832641	0.9463680704999378	0.9983450684329978	0.8932993160916385	0.8923488641552068	0.8945554092911405	0.8960018520255707	0.9452607094557063
Mj_C17_3(A1)	0.9421751726595718	0.9450641615747234	1.0	0.8937353363382788	0.9438517712828971	0.8943155324370455	0.9981413715005332	0.9448058106451389	0.8965793673001732	0.8938178185215678	0.8943808517229803	0.8937405158233014	0.9980953562429294
Mi_C17_3(B1)	0.9051524208962772	0.8956495553038833	0.8937353363382788	1.0	0.8943815949495572	0.9550230146270255	0.8955636896345859	0.8960063168349333	0.9702183119681769	0.9277829786076265	0.9705401234122158	0.9710272868801377	0.8938650523051065
Ma3n_C17_1(A2)	0.9457689448460213	0.9979419432149749	0.9438517712828971	0.8943815949495572	1.0	0.8920274556517302	0.9441340782122905	0.9974796433211676	0.8933108727420268	0.8911283466669491	0.8940569839569567	0.8934553072153802	0.945975159683229
Mj_C17_2(B2)	0.906367560020969	0.8950552414832641	0.8943155324370455	0.9550230146270255	0.8920274556517302	1.0	0.8945378766529074	0.8950029527948234	0.957054631141887	0.9157724329324699	0.9585496345117511	0.959276298824258	0.8925912766332614
Ma3n_C17_3(A1)	0.9423772071342778	0.9463680704999378	0.9981413715005332	0.8955636896345859	0.9441340782122905	0.8945378766529074	1.0	0.9469289355335548	0.8926118006639019	0.894749340245147	0.8945386257060544	0.8970691718043694	0.9972922762654165
Mj_C17_4(A2)	0.9465175228375848	0.9983450684329978	0.9448058106451389	0.8960063168349333	0.9974796433211676	0.8950029527948234	0.9469289355335548	1.0	0.8934254933890315	0.8929135305415505	0.8949924204204349	0.8957333570260704	0.9469232868848548
Ma3n_C17_2(B1)	0.9042205221809475	0.8932993160916385	0.8965793673001732	0.9702183119681769	0.8933108727420268	0.957054631141887	0.8926118006639019	0.8934254933890315	1.0	0.9142121429118308	0.997580648459076	0.9982460675710232	0.8946407610565312
Ma4n_C17_2(B2)	0.8966347042913575	0.8923488641552068	0.8938178185215678	0.9277829786076265	0.8911283466669491	0.9157724329324699	0.894749340245147	0.8929135305415505	0.9142121429118308	1.0	0.9159037841443979	0.917387009337493	0.8913120642980539
Ma4n_C17_4(B1)	0.9058563496879498	0.8945554092911405	0.8943808517229803	0.9705401234122158	0.8940569839569567	0.9585496345117511	0.8945386257060544	0.8949924204204349	0.997580648459076	0.9159037841443979	1.0	0.9977281110928149	0.8949299422789976
Mj_C17_1(B1)	0.9070620431847031	0.8960018520255707	0.8937405158233014	0.9710272868801377	0.8934553072153802	0.959276298824258	0.8970691718043694	0.8957333570260704	0.9982460675710232	0.917387009337493	0.9977281110928149	1.0	0.8984618632382938
Ma4n_C17_1(A1)	0.9438598486523828	0.9452607094557063	0.9980953562429294	0.8938650523051065	0.945975159683229	0.8925912766332614	0.9972922762654165	0.9469232868848548	0.8946407610565312	0.8913120642980539	0.8949299422789976	0.8984618632382938	1.0
