Ma3n_C18_2(A1)	Ma3n_C18_3(A2)	Ma3n_C18_1(B1)	Ma4n_C18_2(A2)	Ma4n_C18_3(A1)	Ma4n_C18_1(B1)	Ma4n_C18_4(B2)	Mi_C18_1(A1)	Mi_C18_2(A2)	Mi_C18_3(B1)	Mj_C18_2(A1)	Mj_C18_3(A2)	Mj_C18_4(B1)	Mj_C18_1(B2)
Ma3n_C18_2(A1)	0	0.0672778	0.12811650000000002	0.0644339	0.0	0.130229	0.128054	0.0696496	0.0649126	0.1289575	0.0	0.0597281	0.1357245	0.1271465
Ma3n_C18_3(A2)	0.0672778	0	0.133462	0.0	0.0673135	0.137701	0.140752	0.0767182	0.0796443	0.130183	0.056486	0.0	0.137988	0.130463
Ma3n_C18_1(B1)	0.12811650000000002	0.133462	0	0.1301195	0.12808	0.0	0.08868545	0.131236	0.128675	0.0135487	0.13	0.1255645	0.0	0.0223069
Ma4n_C18_2(A2)	0.0644339	0.0	0.1301195	0	0.0640995	0.13306449999999997	0.13649650000000002	0.07564585	0.0792121	0.129544	0.0532306	0.0	0.1343775	0.12816
Ma4n_C18_3(A1)	0.0	0.0673135	0.12808	0.0640995	0	0.130118	0.1351215	0.06262904999999999	0.0627892	0.1314495	0.0	0.0612546	0.13479649999999999	0.1271465
Ma4n_C18_1(B1)	0.130229	0.137701	0.0	0.13306449999999997	0.130118	0	0.098448	0.133484	0.133091	0.015323699999999999	0.135258	0.1319425	0.0	0.02368435
Ma4n_C18_4(B2)	0.128054	0.140752	0.08868545	0.13649650000000002	0.1351215	0.098448	0	0.13296000000000002	0.136986	0.07460915	0.1379555	0.133999	0.0938783	0.0724375
Mi_C18_1(A1)	0.0696496	0.0767182	0.131236	0.07564585	0.06262904999999999	0.133484	0.13296000000000002	0	0.045245400000000005	0.14253300000000002	0.07454	0.0803859	0.142395	0.132302
Mi_C18_2(A2)	0.0649126	0.0796443	0.128675	0.0792121	0.0627892	0.133091	0.136986	0.045245400000000005	0	0.12272549999999999	0.0642413	0.0696848	0.130977	0.12259
Mi_C18_3(B1)	0.1289575	0.130183	0.0135487	0.129544	0.1314495	0.015323699999999999	0.07460915	0.14253300000000002	0.12272549999999999	0	0.132563	0.124214	0.0145136	0.0238888
Mj_C18_2(A1)	0.0	0.056486	0.13	0.0532306	0.0	0.135258	0.1379555	0.07454	0.0642413	0.132563	0	0.05653105	0.136751	0.128993
Mj_C18_3(A2)	0.0597281	0.0	0.1255645	0.0	0.0612546	0.1319425	0.133999	0.0803859	0.0696848	0.124214	0.05653105	0	0.13091799999999998	0.1225715
Mj_C18_4(B1)	0.1357245	0.137988	0.0	0.1343775	0.13479649999999999	0.0	0.0938783	0.142395	0.130977	0.0145136	0.136751	0.13091799999999998	0	0.0230077
Mj_C18_1(B2)	0.1271465	0.130463	0.0223069	0.12816	0.1271465	0.02368435	0.0724375	0.132302	0.12259	0.0238888	0.128993	0.1225715	0.0230077	0
