Ma3n_C18_1(B1)	Ma4n_C18_4(B2)	Mi_C18_3(B1)	Ma3n_C18_2(A1)	Ma4n_C18_1(B1)	Mj_C18_1(B2)	Mj_C18_2(A1)	Ma3n_C18_3(A2)	Mj_C18_4(B1)	Mj_C18_3(A2)	Mi_C18_1(A1)	Mi_C18_2(A2)	Ma4n_C18_2(A2)	Ma4n_C18_3(A1)
Ma3n_C18_1(B1)	1.0	0.9293659232860204	0.9787793006702512	0.9010787998959138	0.9989150058378801	0.9653716441072581	0.9009965245904268	0.9005246727815621	0.9936810666994406	0.9067635592171915	0.902800721112142	0.9039526082920323	0.9011313296828916	0.9029388353317245
Ma4n_C18_4(B2)	0.9293659232860204	1.0	0.9300041254856712	0.9038685424282559	0.9263381985147241	0.9315020076927703	0.89760792198512	0.8974752043468268	0.926066836227638	0.8963389295943789	0.8983007589865228	0.8976094094508051	0.8978154940870986	0.896552226893191
Mi_C18_3(B1)	0.9787793006702512	0.9300041254856712	1.0	0.900163302666637	0.9770147700589723	0.9628857287024167	0.9006199720642292	0.9003367227152659	0.9765670790167256	0.9021328531928351	0.9047468874215696	0.9051937356033407	0.9005397144271482	0.900667606189724
Ma3n_C18_2(A1)	0.9010787998959138	0.9038685424282559	0.900163302666637	1.0	0.8992754897287029	0.8996615393913753	0.9940960615188185	0.9448486015393649	0.8984686299836205	0.9465322379006953	0.946523050215236	0.9451829156420848	0.9453417897772916	0.9986510690609909
Ma4n_C18_1(B1)	0.9989150058378801	0.9263381985147241	0.9770147700589723	0.8992754897287029	1.0	0.9631563762478746	0.8995669701891167	0.8990596238119383	0.9935635868112181	0.9008456374958574	0.9012984022797755	0.9023327504251536	0.899633184287436	0.8995846323528006
Mj_C18_1(B2)	0.9653716441072581	0.9315020076927703	0.9628857287024167	0.8996615393913753	0.9631563762478746	1.0	0.9003588315746262	0.8998548026838803	0.964851840598323	0.9011389924671682	0.9027491501033895	0.9044307024877889	0.9004058711222567	0.899841599477905
Mj_C18_2(A1)	0.9009965245904268	0.89760792198512	0.9006199720642292	0.9940960615188185	0.8995669701891167	0.9003588315746262	1.0	0.9519625183631288	0.8988585130450275	0.9486360105771426	0.9474391290237971	0.9458990526574803	0.9520335249814401	0.9968486931025871
Ma3n_C18_3(A2)	0.9005246727815621	0.8974752043468268	0.9003367227152659	0.9448486015393649	0.8990596238119383	0.8998548026838803	0.9519625183631288	1.0	0.8987669896874891	0.9986572832104269	0.9408164755941586	0.9412119301078807	0.9988258908446181	0.9455543213079329
Mj_C18_4(B1)	0.9936810666994406	0.926066836227638	0.9765670790167256	0.8984686299836205	0.9935635868112181	0.964851840598323	0.8988585130450275	0.8987669896874891	1.0	0.900990704406908	0.9008934357962467	0.9020021051914775	0.8988483561501578	0.8988422728465758
Mj_C18_3(A2)	0.9067635592171915	0.8963389295943789	0.9021328531928351	0.9465322379006953	0.9008456374958574	0.9011389924671682	0.9486360105771426	0.9986572832104269	0.900990704406908	1.0	0.9426656075525492	0.9428369107634739	0.9986421496747484	0.947694629177321
Mi_C18_1(A1)	0.902800721112142	0.8983007589865228	0.9047468874215696	0.946523050215236	0.9012984022797755	0.9027491501033895	0.9474391290237971	0.9408164755941586	0.9008934357962467	0.9426656075525492	1.0	0.9602275338870477	0.9414843611966885	0.9478242340540188
Mi_C18_2(A2)	0.9039526082920323	0.8976094094508051	0.9051937356033407	0.9451829156420848	0.9023327504251536	0.9044307024877889	0.9458990526574803	0.9412119301078807	0.9020021051914775	0.9428369107634739	0.9602275338870477	1.0	0.9417375531450669	0.9465479015763594
Ma4n_C18_2(A2)	0.9011313296828916	0.8978154940870986	0.9005397144271482	0.9453417897772916	0.899633184287436	0.9004058711222567	0.9520335249814401	0.9988258908446181	0.8988483561501578	0.9986421496747484	0.9414843611966885	0.9417375531450669	1.0	0.9465247855669433
Ma4n_C18_3(A1)	0.9029388353317245	0.896552226893191	0.900667606189724	0.9986510690609909	0.8995846323528006	0.899841599477905	0.9968486931025871	0.9455543213079329	0.8988422728465758	0.947694629177321	0.9478242340540188	0.9465479015763594	0.9465247855669433	1.0
