Ma3n_C2_3(A2)	Ma3n_C2_2(B1)	Mj_C2_2(B1)	Mi_C2_2(A1)	Ma4n_C2_3(B1)	Mj_C2_4(B2)	Ma3n_C2_1(A1)	Ma4n_C2_4(A2)	Ma4n_C2_2(B2)	Mj_C2_1(A1)	Mi_C2_3(A2)	Mi_C2_1(B1)	Mj_C2_3(A2)	Ma4n_C2_1(A1)
Ma3n_C2_3(A2)	1.0	0.9054992548040183	0.9059752667976018	0.954426162024325	0.906825774977168	0.904322126846312	0.9492858284411392	0.9981184113314965	0.903221614660732	0.9506548723438956	0.9458219735279891	0.9038815418820054	0.998221371582294	0.9493544095782143
Ma3n_C2_2(B1)	0.9054992548040183	1.0	0.9990140790808145	0.9099292923609759	0.998798112675334	0.9624121936555146	0.9020388476659283	0.9022922802216915	0.929432520819153	0.9028612236726571	0.9045987263194463	0.9747845464097467	0.9012553552480455	0.9023116578185375
Mj_C2_2(B1)	0.9059752667976018	0.9990140790808145	1.0	0.9098608771900882	0.998558671099298	0.9620143185803893	0.901505091084039	0.9029346400536644	0.9286736488544928	0.9031865439047624	0.9049358694357305	0.9748447218360246	0.9016107686481801	0.9019428917876399
Mi_C2_2(A1)	0.954426162024325	0.9099292923609759	0.9098608771900882	1.0	0.9096791567747778	0.9083934912738574	0.951355147343214	0.9536881673776403	0.9069077084254982	0.9550671477186459	0.9645741467898458	0.909372263406151	0.9519583556849397	0.951817163319582
Ma4n_C2_3(B1)	0.906825774977168	0.998798112675334	0.998558671099298	0.9096791567747778	1.0	0.9615392018670456	0.9019668020455741	0.9028880233743333	0.9287480729344713	0.9034005508208617	0.9046203881018912	0.9741611915813434	0.9017768438717919	0.9019365873573293
Mj_C2_4(B2)	0.904322126846312	0.9624121936555146	0.9620143185803893	0.9083934912738574	0.9615392018670456	1.0	0.900460633098483	0.9010206831231143	0.9284690935765416	0.901784579800758	0.9038399862381312	0.9614350818558398	0.9001862930402333	0.9017171309779386
Ma3n_C2_1(A1)	0.9492858284411392	0.9020388476659283	0.901505091084039	0.951355147343214	0.9019668020455741	0.900460633098483	1.0	0.9487280071853583	0.8996097140588457	0.996868570859913	0.9450739461279261	0.8995326982609442	0.948735907855202	0.9976466891729503
Ma4n_C2_4(A2)	0.9981184113314965	0.9022922802216915	0.9029346400536644	0.9536881673776403	0.9028880233743333	0.9010206831231143	0.9487280071853583	1.0	0.9012700757891096	0.9519149852312987	0.9462740424921551	0.9007359340927146	0.9982944545529557	0.9484505511510655
Ma4n_C2_2(B2)	0.903221614660732	0.929432520819153	0.9286736488544928	0.9069077084254982	0.9287480729344713	0.9284690935765416	0.8996097140588457	0.9012700757891096	1.0	0.9005153368412046	0.9007648864708049	0.92694309617908	0.9001984725461297	0.9004283878632376
Mj_C2_1(A1)	0.9506548723438956	0.9028612236726571	0.9031865439047624	0.9550671477186459	0.9034005508208617	0.901784579800758	0.996868570859913	0.9519149852312987	0.9005153368412046	1.0	0.9467846325058931	0.9032990397776495	0.9521803215870924	0.9977139692857205
Mi_C2_3(A2)	0.9458219735279891	0.9045987263194463	0.9049358694357305	0.9645741467898458	0.9046203881018912	0.9038399862381312	0.9450739461279261	0.9462740424921551	0.9007648864708049	0.9467846325058931	1.0	0.9041011376237247	0.944866961452098	0.9446418144503219
Mi_C2_1(B1)	0.9038815418820054	0.9747845464097467	0.9748447218360246	0.909372263406151	0.9741611915813434	0.9614350818558398	0.8995326982609442	0.9007359340927146	0.92694309617908	0.9032990397776495	0.9041011376237247	1.0	0.9003901635089233	0.8992946974880829
Mj_C2_3(A2)	0.998221371582294	0.9012553552480455	0.9016107686481801	0.9519583556849397	0.9017768438717919	0.9001862930402333	0.948735907855202	0.9982944545529557	0.9001984725461297	0.9521803215870924	0.944866961452098	0.9003901635089233	1.0	0.947536819048179
Ma4n_C2_1(A1)	0.9493544095782143	0.9023116578185375	0.9019428917876399	0.951817163319582	0.9019365873573293	0.9017171309779386	0.9976466891729503	0.9484505511510655	0.9004283878632376	0.9977139692857205	0.9446418144503219	0.8992946974880829	0.947536819048179	1.0
