Ma3n_C2_1(A1)	Ma3n_C2_3(A2)	Ma3n_C2_2(B1)	Ma4n_C2_1(A1)	Ma4n_C2_4(A2)	Ma4n_C2_3(B1)	Ma4n_C2_2(B2)	Mi_C2_2(A1)	Mi_C2_3(A2)	Mi_C2_1(B1)	Mj_C2_1(A1)	Mj_C2_3(A2)	Mj_C2_2(B1)	Mj_C2_4(B2)
Ma3n_C2_1(A1)	0	0.06485	0.1434385	0.0	0.0761278	0.1480355	0.153667	0.0745015	0.0808281	0.154834	0.0	0.0790521	0.148071	0.1477865
Ma3n_C2_3(A2)	0.06485	0	0.1381685	0.0663606	0.0	0.138238	0.1450605	0.0535417	0.07467745	0.1433865	0.06819539999999999	0.0	0.140098	0.140623
Ma3n_C2_2(B1)	0.1434385	0.1381685	0	0.1426305	0.147555	0.0	0.100312	0.1280395	0.14588	0.018442	0.1445	0.14570149999999998	0.0	0.0288816
Ma4n_C2_1(A1)	0.0	0.0663606	0.1426305	0	0.076096	0.14804450000000002	0.153667	0.0730118	0.08465395	0.153328	0.0	0.0789583	0.148947	0.149226
Ma4n_C2_4(A2)	0.0761278	0.0	0.147555	0.076096	0	0.151056	0.1549515	0.064837	0.0770752	0.156137	0.06904365000000001	0.0	0.15360449999999998	0.1544125
Ma4n_C2_3(B1)	0.1480355	0.138238	0.0	0.14804450000000002	0.151056	0	0.1004775	0.130845	0.14895950000000002	0.019851399999999998	0.146657	0.1471555	0.0	0.0294885
Ma4n_C2_2(B2)	0.153667	0.1450605	0.100312	0.153667	0.1549515	0.1004775	0	0.136461	0.1554485	0.103802	0.153834	0.1537835	0.100572	0.1032435
Mi_C2_2(A1)	0.0745015	0.0535417	0.1280395	0.0730118	0.064837	0.130845	0.136461	0	0.03596935	0.13441150000000002	0.059575	0.0618162	0.133409	0.131143
Mi_C2_3(A2)	0.0808281	0.07467745	0.14588	0.08465395	0.0770752	0.14895950000000002	0.1554485	0.03596935	0	0.1529075	0.0799567	0.0788427	0.150589	0.147389
Mi_C2_1(B1)	0.154834	0.1433865	0.018442	0.153328	0.156137	0.019851399999999998	0.103802	0.13441150000000002	0.1529075	0	0.144063	0.1472865	0.01918655	0.0298766
Mj_C2_1(A1)	0.0	0.06819539999999999	0.1445	0.0	0.06904365000000001	0.146657	0.153834	0.059575	0.0799567	0.144063	0	0.0654641	0.146895	0.148256
Mj_C2_3(A2)	0.0790521	0.0	0.14570149999999998	0.0789583	0.0	0.1471555	0.1537835	0.0618162	0.0788427	0.1472865	0.0654641	0	0.149144	0.1519265
Mj_C2_2(B1)	0.148071	0.140098	0.0	0.148947	0.15360449999999998	0.0	0.100572	0.133409	0.150589	0.01918655	0.146895	0.149144	0	0.0293792
Mj_C2_4(B2)	0.1477865	0.140623	0.0288816	0.149226	0.1544125	0.0294885	0.1032435	0.131143	0.147389	0.0298766	0.148256	0.1519265	0.0293792	0
