Mj_C3_4(B2)	Mj_C3_2(A2)	Ma4n_C3_4(B1)	Ma3n_C3_2(B1)	Mi_C3_2(A2)	Mi_C3_3(B1)	Mj_C3_1(B1)	Ma3n_C3_3(A2)	Mi_C3_1(A1)	Ma4n_C3_1(A1)	Ma4n_C3_2(A2)	Ma3n_C3_1(A1)	Ma4n_C3_3(B2)	Mj_C3_3(A1)
Mj_C3_4(B2)	1.0	0.9000148398777195	0.9584385204181287	0.9585699145246822	0.9113204066438704	0.9584760623994125	0.9586083250612436	0.8944743542370429	0.9068625324345474	0.8965083097343016	0.8942331744799851	0.8987383125351218	0.9178649530847706	0.8947885464806167
Mj_C3_2(A2)	0.9000148398777195	1.0	0.8957949743397129	0.8933165442829623	0.9371022919040715	0.8960832994937958	0.8950450306213794	0.9985142069924668	0.9371136166502962	0.9454547162783089	0.9975990404544569	0.956749463258822	0.8929156778429336	0.9490727706046571
Ma4n_C3_4(B1)	0.9584385204181287	0.8957949743397129	1.0	0.9981780724454751	0.9134872254682941	0.9715981124625835	0.9972297698480137	0.895334498531107	0.908079641039011	0.8987389737056214	0.8954375932852832	0.8972598396366819	0.9190639181906366	0.8991905114769041
Ma3n_C3_2(B1)	0.9585699145246822	0.8933165442829623	0.9981780724454751	1.0	0.9123216529690089	0.9710110908228751	0.9970305599536421	0.8932697434004343	0.907021510566955	0.8983870909686453	0.8935701219615664	0.8970682331021056	0.9179322939783485	0.8973710290425878
Mi_C3_2(A2)	0.9113204066438704	0.9371022919040715	0.9134872254682941	0.9123216529690089	1.0	0.9170692239503586	0.9141876934803658	0.937604493310912	0.9589809876322205	0.9354311401716388	0.936060792722623	0.9366738007570584	0.8991903199134762	0.9343198313419628
Mi_C3_3(B1)	0.9584760623994125	0.8960832994937958	0.9715981124625835	0.9710110908228751	0.9170692239503586	1.0	0.9728221293720273	0.8948876412481696	0.9084542549156442	0.8956420271085925	0.8935018202352489	0.8940696772003007	0.9174992881179321	0.8943582679707414
Mj_C3_1(B1)	0.9586083250612436	0.8950450306213794	0.9972297698480137	0.9970305599536421	0.9141876934803658	0.9728221293720273	1.0	0.8952270159421788	0.9108151716658881	0.897218551029106	0.8953056592624425	0.8988260074098702	0.9206875786520462	0.8995141567689233
Ma3n_C3_3(A2)	0.8944743542370429	0.9985142069924668	0.895334498531107	0.8932697434004343	0.937604493310912	0.8948876412481696	0.8952270159421788	1.0	0.9372938809513786	0.943527832942819	0.9987734342086786	0.9446633676927907	0.894037042261915	0.9431052060776692
Mi_C3_1(A1)	0.9068625324345474	0.9371136166502962	0.908079641039011	0.907021510566955	0.9589809876322205	0.9084542549156442	0.9108151716658881	0.9372938809513786	1.0	0.9364459168770214	0.9368878351679368	0.9370471974896722	0.8951851835149919	0.9366659410132245
Ma4n_C3_1(A1)	0.8965083097343016	0.9454547162783089	0.8987389737056214	0.8983870909686453	0.9354311401716388	0.8956420271085925	0.897218551029106	0.943527832942819	0.9364459168770214	1.0	0.9445848450496546	0.9968205069433123	0.8930294602427428	0.9974959414019751
Ma4n_C3_2(A2)	0.8942331744799851	0.9975990404544569	0.8954375932852832	0.8935701219615664	0.936060792722623	0.8935018202352489	0.8953056592624425	0.9987734342086786	0.9368878351679368	0.9445848450496546	1.0	0.967018187878034	0.8924343697562601	0.9616485455443118
Ma3n_C3_1(A1)	0.8987383125351218	0.956749463258822	0.8972598396366819	0.8970682331021056	0.9366738007570584	0.8940696772003007	0.8988260074098702	0.9446633676927907	0.9370471974896722	0.9968205069433123	0.967018187878034	1.0	0.8924181326666634	0.9955972804124175
Ma4n_C3_3(B2)	0.9178649530847706	0.8929156778429336	0.9190639181906366	0.9179322939783485	0.8991903199134762	0.9174992881179321	0.9206875786520462	0.894037042261915	0.8951851835149919	0.8930294602427428	0.8924343697562601	0.8924181326666634	1.0	0.8904223949667525
Mj_C3_3(A1)	0.8947885464806167	0.9490727706046571	0.8991905114769041	0.8973710290425878	0.9343198313419628	0.8943582679707414	0.8995141567689233	0.9431052060776692	0.9366659410132245	0.9974959414019751	0.9616485455443118	0.9955972804124175	0.8904223949667525	1.0
