Ma3n_C3_1(A1)	Ma3n_C3_3(A2)	Ma3n_C3_2(B1)	Ma4n_C3_1(A1)	Ma4n_C3_2(A2)	Ma4n_C3_4(B1)	Ma4n_C3_3(B2)	Mi_C3_1(A1)	Mi_C3_2(A2)	Mi_C3_3(B1)	Mj_C3_2(A2)	Mj_C3_3(A1)	Mj_C3_1(B1)	Mj_C3_4(B2)
Ma3n_C3_1(A1)	0	0.101083	0.179956	0.0	0.04763315	0.175259	0.184722	0.103678	0.103785	0.175196	0.080454	0.0	0.176159	0.170968
Ma3n_C3_3(A2)	0.101083	0	0.1709175	0.09756770000000001	0.0	0.171062	0.175518	0.109277	0.109079	0.171298	0.0	0.101265	0.16915950000000002	0.172619
Ma3n_C3_2(B1)	0.179956	0.1709175	0	0.18433549999999999	0.176355	0.0	0.136791	0.158433	0.152292	0.0247389	0.1741975	0.174458	0.0	0.0356922
Ma4n_C3_1(A1)	0.0	0.09756770000000001	0.18433549999999999	0	0.0951855	0.1691245	0.1890235	0.1085505	0.102075	0.178767	0.09824545	0.0	0.174466	0.17426999999999998
Ma4n_C3_2(A2)	0.04763315	0.0	0.176355	0.0951855	0	0.168273	0.178927	0.10551250000000001	0.107228	0.173167	0.0	0.058653449999999996	0.168483	0.166874
Ma4n_C3_4(B1)	0.175259	0.171062	0.0	0.1691245	0.168273	0	0.134321	0.158692	0.149297	0.0259835	0.173383	0.17255199999999998	0.0	0.0350919
Ma4n_C3_3(B2)	0.184722	0.175518	0.136791	0.1890235	0.178927	0.134321	0	0.177579	0.175488	0.1468505	0.18778	0.1920125	0.1383145	0.132243
Mi_C3_1(A1)	0.103678	0.109277	0.158433	0.1085505	0.10551250000000001	0.158692	0.177579	0	0.0607743	0.1551495	0.10776	0.1012245	0.15323599999999998	0.158913
Mi_C3_2(A2)	0.103785	0.109079	0.152292	0.102075	0.107228	0.149297	0.175488	0.0607743	0	0.1480455	0.110829	0.10110949999999999	0.150118	0.151955
Mi_C3_3(B1)	0.175196	0.171298	0.0247389	0.178767	0.173167	0.0259835	0.1468505	0.1551495	0.1480455	0	0.172538	0.175875	0.0224655	0.035519300000000004
Mj_C3_2(A2)	0.080454	0.0	0.1741975	0.09824545	0.0	0.173383	0.18778	0.10776	0.110829	0.172538	0	0.08382990000000001	0.167783	0.171432
Mj_C3_3(A1)	0.0	0.101265	0.174458	0.0	0.058653449999999996	0.17255199999999998	0.1920125	0.1012245	0.10110949999999999	0.175875	0.08382990000000001	0	0.170388	0.1735525
Mj_C3_1(B1)	0.176159	0.16915950000000002	0.0	0.174466	0.168483	0.0	0.1383145	0.15323599999999998	0.150118	0.0224655	0.167783	0.170388	0	0.0338301
Mj_C3_4(B2)	0.170968	0.172619	0.0356922	0.17426999999999998	0.166874	0.0350919	0.132243	0.158913	0.151955	0.035519300000000004	0.171432	0.1735525	0.0338301	0
