Ma3n_C4_2(A2)	Ma3n_C4_3(B1)	Mi_C4_3(A2)	Ma3n_C4_1(A1)	Mi_C4_1(B1)	Ma4n_C4_1(A1)	Mi_C4_2(A1)	Mj_C4_3(A1)	Mj_C4_4(B1)	Ma4n_C4_4(A2)	Mj_C4_1(A2)	Mj_C4_2(B2)	Ma4n_C4_3(B1)	Ma4n_C4_2(B2)
Ma3n_C4_2(A2)	1.0	0.9007509665512285	0.9434565596529557	0.9466011117606535	0.8992653445954608	0.9466358996469955	0.9349307702522496	0.9484626998431684	0.9001204641596661	0.9983255044709924	0.998717216075728	0.9119071876522956	0.901039846571148	0.8965196063212145
Ma3n_C4_3(B1)	0.9007509665512285	1.0	0.9070584062107176	0.9037379208047428	0.9735997630360097	0.9048803244860218	0.9112711506217467	0.9041916718348645	0.9923698736402199	0.9000019554760834	0.9001628926813929	0.9472490383968964	0.9984479445439916	0.9202505875032472
Mi_C4_3(A2)	0.9434565596529557	0.9070584062107176	1.0	0.9430336043136769	0.908382651859849	0.9429907236362104	0.9603088959504319	0.9429728818451916	0.9070895842486034	0.9439018062405262	0.9451725873225815	0.9052595567684999	0.9073976144309301	0.8979422724024898
Ma3n_C4_1(A1)	0.9466011117606535	0.9037379208047428	0.9430336043136769	1.0	0.9025351302308083	0.9979180548589798	0.9360155521019301	0.9989636802818284	0.9046671082063484	0.9461913188462758	0.943492840607263	0.9263562540935194	0.9041320073415335	0.8967939739503491
Mi_C4_1(B1)	0.8992653445954608	0.9735997630360097	0.908382651859849	0.9025351302308083	1.0	0.9019547863683103	0.9113420499885619	0.9034295347027942	0.9712739960214938	0.8976694100382439	0.8985732023069458	0.9472702037711961	0.9731101299042574	0.9210580467109285
Ma4n_C4_1(A1)	0.9466358996469955	0.9048803244860218	0.9429907236362104	0.9979180548589798	0.9019547863683103	1.0	0.9355388315866044	0.998373229749721	0.9047106291819397	0.9459609316111558	0.9434648021431484	0.9292698680785172	0.9047517855037204	0.8964736683335407
Mi_C4_2(A1)	0.9349307702522496	0.9112711506217467	0.9603088959504319	0.9360155521019301	0.9113420499885619	0.9355388315866044	1.0	0.9352234129222285	0.9116219364189753	0.9352761172366337	0.9355319474947648	0.9143567905893646	0.9113874168582047	0.8989996355636183
Mj_C4_3(A1)	0.9484626998431684	0.9041916718348645	0.9429728818451916	0.9989636802818284	0.9034295347027942	0.998373229749721	0.9352234129222285	1.0	0.9049482545532914	0.9473146809470385	0.9445094029665175	0.9052445347028769	0.9054788304692317	0.8966201129901737
Mj_C4_4(B1)	0.9001204641596661	0.9923698736402199	0.9070895842486034	0.9046671082063484	0.9712739960214938	0.9047106291819397	0.9116219364189753	0.9049482545532914	1.0	0.8992548405680824	0.898390858663723	0.9468680022602045	0.9929583577635764	0.9199323844958448
Ma4n_C4_4(A2)	0.9983255044709924	0.9000019554760834	0.9439018062405262	0.9461913188462758	0.8976694100382439	0.9459609316111558	0.9352761172366337	0.9473146809470385	0.8992548405680824	1.0	0.9979334669060724	0.9100034687137104	0.9001994905373414	0.895127412047291
Mj_C4_1(A2)	0.998717216075728	0.9001628926813929	0.9451725873225815	0.943492840607263	0.8985732023069458	0.9434648021431484	0.9355319474947648	0.9445094029665175	0.898390858663723	0.9979334669060724	1.0	0.9112906309915141	0.8998375725291149	0.8952314857090676
Mj_C4_2(B2)	0.9119071876522956	0.9472490383968964	0.9052595567684999	0.9263562540935194	0.9472702037711961	0.9292698680785172	0.9143567905893646	0.9052445347028769	0.9468680022602045	0.9100034687137104	0.9112906309915141	1.0	0.9474719386014572	0.9130474577232566
Ma4n_C4_3(B1)	0.901039846571148	0.9984479445439916	0.9073976144309301	0.9041320073415335	0.9731101299042574	0.9047517855037204	0.9113874168582047	0.9054788304692317	0.9929583577635764	0.9001994905373414	0.8998375725291149	0.9474719386014572	1.0	0.92017885807938
Ma4n_C4_2(B2)	0.8965196063212145	0.9202505875032472	0.8979422724024898	0.8967939739503491	0.9210580467109285	0.8964736683335407	0.8989996355636183	0.8966201129901737	0.9199323844958448	0.895127412047291	0.8952314857090676	0.9130474577232566	0.92017885807938	1.0
