Mi_C6_1(A1)	Ma4n_C6_2(B1)	Ma3n_C6_3(A2)	Ma3n_C6_1(A1)	Ma4n_C6_4(A1)	Ma4n_C6_1(B2)	Ma3n_C6_2(B1)	Ma4n_C6_3(A2)	Mj_C6_4(B1)	Mj_C6_1(B2)	Mi_C6_3(A2)	Mj_C6_3(A2)	Mi_C6_2(B1)	Mj_C6_2(A1)
Mi_C6_1(A1)	1.0	0.9050512634751812	0.9460628344614154	0.9392236061535124	0.9399280840940002	0.896858623907036	0.9047821895273414	0.9465928270316519	0.9052867445896152	0.9058976947886782	0.956629728936852	0.9457251462297114	0.9060335300769139	0.9402457715089655
Ma4n_C6_2(B1)	0.9050512634751812	1.0	0.9002286414716278	0.898438445027695	0.8996572128426431	0.9232844644337279	0.9984172779309635	0.9023027531610208	0.9983138662934335	0.960004853353927	0.9037264612833529	0.900345779645887	0.9732643536645598	0.898820096450891
Ma3n_C6_3(A2)	0.9460628344614154	0.9002286414716278	1.0	0.9485563903124229	0.9509844993715961	0.8964846371148234	0.9002442658839257	0.9989075127147731	0.9003446818974751	0.900069833397466	0.9433606191673103	0.9990159875510983	0.9004147114279294	0.950738115152427
Ma3n_C6_1(A1)	0.9392236061535124	0.898438445027695	0.9485563903124229	1.0	0.9986222614282935	0.894618648507533	0.8969532108240604	0.9486603973537189	0.8971871866635662	0.895766392398575	0.9406408121291544	0.9486686627211152	0.8971040729600829	0.9986426751489702
Ma4n_C6_4(A1)	0.9399280840940002	0.8996572128426431	0.9509844993715961	0.9986222614282935	1.0	0.894825785452165	0.8986715510484228	0.9494965797759779	0.8986710814983343	0.8977009214963005	0.9419951717922537	0.9510900246562632	0.8986095077121942	0.9986279081226169
Ma4n_C6_1(B2)	0.896858623907036	0.9232844644337279	0.8964846371148234	0.894618648507533	0.894825785452165	1.0	0.922774204202315	0.8959727873928733	0.9228355508316161	0.9219486558611306	0.8952703316449132	0.8961827611017548	0.9220189083237559	0.8942019422881454
Ma3n_C6_2(B1)	0.9047821895273414	0.9984172779309635	0.9002442658839257	0.8969532108240604	0.8986715510484228	0.922774204202315	1.0	0.9010516500025902	0.9983414465867814	0.9606727346684419	0.9036824249723978	0.9001893721578317	0.9736090894797554	0.8981862263117872
Ma4n_C6_3(A2)	0.9465928270316519	0.9023027531610208	0.9989075127147731	0.9486603973537189	0.9494965797759779	0.8959727873928733	0.9010516500025902	1.0	0.9008910050805559	0.9003815392206059	0.9411754450284731	0.9989908913055592	0.9012429931800474	0.9491514158915955
Mj_C6_4(B1)	0.9052867445896152	0.9983138662934335	0.9003446818974751	0.8971871866635662	0.8986710814983343	0.9228355508316161	0.9983414465867814	0.9008910050805559	1.0	0.9609808156665832	0.9034746630031346	0.8998809389147276	0.9741731487824675	0.8983468890510122
Mj_C6_1(B2)	0.9058976947886782	0.960004853353927	0.900069833397466	0.895766392398575	0.8977009214963005	0.9219486558611306	0.9606727346684419	0.9003815392206059	0.9609808156665832	1.0	0.9026777700830747	0.8996431801082713	0.9602930257531644	0.897571237786208
Mi_C6_3(A2)	0.956629728936852	0.9037264612833529	0.9433606191673103	0.9406408121291544	0.9419951717922537	0.8952703316449132	0.9036824249723978	0.9411754450284731	0.9034746630031346	0.9026777700830747	1.0	0.9432875542028839	0.9038022229975577	0.9417497302214446
Mj_C6_3(A2)	0.9457251462297114	0.900345779645887	0.9990159875510983	0.9486686627211152	0.9510900246562632	0.8961827611017548	0.9001893721578317	0.9989908913055592	0.8998809389147276	0.8996431801082713	0.9432875542028839	1.0	0.8999518752345063	0.9504652739773682
Mi_C6_2(B1)	0.9060335300769139	0.9732643536645598	0.9004147114279294	0.8971040729600829	0.8986095077121942	0.9220189083237559	0.9736090894797554	0.9012429931800474	0.9741731487824675	0.9602930257531644	0.9038022229975577	0.8999518752345063	1.0	0.8985245381689588
Mj_C6_2(A1)	0.9402457715089655	0.898820096450891	0.950738115152427	0.9986426751489702	0.9986279081226169	0.8942019422881454	0.8981862263117872	0.9491514158915955	0.8983468890510122	0.897571237786208	0.9417497302214446	0.9504652739773682	0.8985245381689588	1.0
