Ma3n_C6_1(A1)	Ma3n_C6_3(A2)	Ma3n_C6_2(B1)	Ma4n_C6_3(A2)	Ma4n_C6_4(A1)	Ma4n_C6_2(B1)	Ma4n_C6_1(B2)	Mi_C6_1(A1)	Mi_C6_3(A2)	Mi_C6_2(B1)	Mj_C6_2(A1)	Mj_C6_3(A2)	Mj_C6_4(B1)	Mj_C6_1(B2)
Ma3n_C6_1(A1)	0	0.0859677	0.159706	0.08114874999999999	0.0	0.161586	0.1699505	0.0967662	0.09835215	0.1603455	0.0	0.08415295	0.157385	0.164043
Ma3n_C6_3(A2)	0.0859677	0	0.1584775	0.0	0.0742241	0.15630650000000001	0.167857	0.0836915	0.0981056	0.1579025	0.0772539	0.0	0.156009	0.158302
Ma3n_C6_2(B1)	0.159706	0.1584775	0	0.1554	0.162612	0.0	0.1214435	0.1573445	0.15237	0.0248041	0.1641875	0.165822	0.0	0.03839305
Ma4n_C6_3(A2)	0.08114874999999999	0.0	0.1554	0	0.0792802	0.151817	0.158004	0.0812623	0.0971489	0.15246949999999998	0.0782616	0.0	0.148997	0.154
Ma4n_C6_4(A1)	0.0	0.0742241	0.162612	0.0792802	0	0.159784	0.169698	0.0984829	0.0911663	0.158123	0.0	0.0772319	0.15858	0.1612905
Ma4n_C6_2(B1)	0.161586	0.15630650000000001	0.0	0.151817	0.159784	0	0.121583	0.158012	0.152385	0.0249351	0.16719699999999998	0.16313	0.0	0.041818
Ma4n_C6_1(B2)	0.1699505	0.167857	0.1214435	0.158004	0.169698	0.121583	0	0.160601	0.1663585	0.12379	0.173022	0.17145549999999998	0.11958250000000001	0.131737
Mi_C6_1(A1)	0.0967662	0.0836915	0.1573445	0.0812623	0.0984829	0.158012	0.160601	0	0.05709675	0.1465595	0.10114000000000001	0.0880105	0.149524	0.154834
Mi_C6_3(A2)	0.09835215	0.0981056	0.15237	0.0971489	0.0911663	0.152385	0.1663585	0.05709675	0	0.154042	0.0977376	0.0992626	0.1496235	0.155641
Mi_C6_2(B1)	0.1603455	0.1579025	0.0248041	0.15246949999999998	0.158123	0.0249351	0.12379	0.1465595	0.154042	0	0.1637205	0.164326	0.023415650000000003	0.03890005
Mj_C6_2(A1)	0.0	0.0772539	0.1641875	0.0782616	0.0	0.16719699999999998	0.173022	0.10114000000000001	0.0977376	0.1637205	0	0.0743315	0.15814850000000003	0.1625025
Mj_C6_3(A2)	0.08415295	0.0	0.165822	0.0	0.0772319	0.16313	0.17145549999999998	0.0880105	0.0992626	0.164326	0.0743315	0	0.155	0.157911
Mj_C6_4(B1)	0.157385	0.156009	0.0	0.148997	0.15858	0.0	0.11958250000000001	0.149524	0.1496235	0.023415650000000003	0.15814850000000003	0.155	0	0.0355889
Mj_C6_1(B2)	0.164043	0.158302	0.03839305	0.154	0.1612905	0.041818	0.131737	0.154834	0.155641	0.03890005	0.1625025	0.157911	0.0355889	0
