Ma4n_C7_1(A1)	Ma4n_C7_3(B2)	Mj_C7_3(A2)	Mj_C7_1(B2)	Mj_C7_4(B1)	Ma3n_C7_1(A1)	Mi_C7_1(B1)	Mi_C7_2(A1)	Ma3n_C7_3(A2)	Mj_C7_2(A1)	Ma4n_C7_4(B1)	Mi_C7_3(A2)	Ma4n_C7_2(A2)	Ma3n_C7_2(B1)
Ma4n_C7_1(A1)	1.0	0.9025149582184661	0.9267267000877968	0.921171317377964	0.9085566755639967	0.9974677442979232	0.9167841586428244	0.9405547214539708	0.9265929734758709	0.9982157416780708	0.9038057548722065	0.9298939714208015	0.9266274930309162	0.9414259769440927
Ma4n_C7_3(B2)	0.9025149582184661	1.0	0.8905901414766053	0.922833085992159	0.9390265720224726	0.8964549588183153	0.9231778433104231	0.8964965930877357	0.8910335036145445	0.9015779637791467	0.9197126112926857	0.8974854293937099	0.8909333872276501	0.930084640545175
Mj_C7_3(A2)	0.9267267000877968	0.8905901414766053	1.0	0.8927269109219425	0.8939329413185838	0.9411172755639107	0.8992879539270782	0.9344018180044926	0.998791135825919	0.925861944919412	0.8951301830615694	0.9320570233993122	0.9982619465070148	0.8928988966733595
Mj_C7_1(B2)	0.921171317377964	0.922833085992159	0.8927269109219425	1.0	0.9836762130188357	0.9036314149040549	0.9517945243040586	0.9033226795844129	0.8932094275498514	0.9208566679452755	0.9537993367423164	0.9123631326619434	0.8928754249950909	0.9582905924279225
Mj_C7_4(B1)	0.9085566755639967	0.9390265720224726	0.8939329413185838	0.9836762130188357	1.0	0.9039899683053743	0.9610722613633951	0.906885930818632	0.8934471411049122	0.9090201484245488	0.9502950531572933	0.9069587788146591	0.8949396576455962	0.9667274994806093
Ma3n_C7_1(A1)	0.9974677442979232	0.8964549588183153	0.9411172755639107	0.9036314149040549	0.9039899683053743	1.0	0.9022867953756197	0.9551465722193434	0.9413653235810507	0.9968405886560059	0.9069198620352286	0.9324547865806827	0.9460022786276343	0.911428783098835
Mi_C7_1(B1)	0.9167841586428244	0.9231778433104231	0.8992879539270782	0.9517945243040586	0.9610722613633951	0.9022867953756197	1.0	0.9150969871859158	0.8990433989031527	0.9168532492380408	0.9689722215574005	0.9070145376653956	0.8984775358378829	0.9654593393855404
Mi_C7_2(A1)	0.9405547214539708	0.8964965930877357	0.9344018180044926	0.9033226795844129	0.906885930818632	0.9551465722193434	0.9150969871859158	1.0	0.9339266114086969	0.9399245157195966	0.9081033378500972	0.94292409849724	0.9330622139527321	0.9032967118251929
Ma3n_C7_3(A2)	0.9265929734758709	0.8910335036145445	0.998791135825919	0.8932094275498514	0.8934471411049122	0.9413653235810507	0.8990433989031527	0.9339266114086969	1.0	0.9263906197001339	0.895472042236621	0.9320421384914734	0.9979220119494018	0.892826468378215
Mj_C7_2(A1)	0.9982157416780708	0.9015779637791467	0.925861944919412	0.9208566679452755	0.9090201484245488	0.9968405886560059	0.9168532492380408	0.9399245157195966	0.9263906197001339	1.0	0.9068754044254395	0.9295544410119997	0.9312449482766733	0.9423338879295715
Ma4n_C7_4(B1)	0.9038057548722065	0.9197126112926857	0.8951301830615694	0.9537993367423164	0.9502950531572933	0.9069198620352286	0.9689722215574005	0.9081033378500972	0.895472042236621	0.9068754044254395	1.0	0.9071015398602194	0.8963280453392142	0.9889320121835475
Mi_C7_3(A2)	0.9298939714208015	0.8974854293937099	0.9320570233993122	0.9123631326619434	0.9069587788146591	0.9324547865806827	0.9070145376653956	0.94292409849724	0.9320421384914734	0.9295544410119997	0.9071015398602194	1.0	0.9320510518450233	0.9132462626055572
Ma4n_C7_2(A2)	0.9266274930309162	0.8909333872276501	0.9982619465070148	0.8928754249950909	0.8949396576455962	0.9460022786276343	0.8984775358378829	0.9330622139527321	0.9979220119494018	0.9312449482766733	0.8963280453392142	0.9320510518450233	1.0	0.8948634621957181
Ma3n_C7_2(B1)	0.9414259769440927	0.930084640545175	0.8928988966733595	0.9582905924279225	0.9667274994806093	0.911428783098835	0.9654593393855404	0.9032967118251929	0.892826468378215	0.9423338879295715	0.9889320121835475	0.9132462626055572	0.8948634621957181	1.0
