Ma3n_C7_1(A1)	Ma3n_C7_3(A2)	Ma3n_C7_2(B1)	Ma4n_C7_1(A1)	Ma4n_C7_2(A2)	Ma4n_C7_4(B1)	Ma4n_C7_3(B2)	Mi_C7_2(A1)	Mi_C7_3(A2)	Mi_C7_1(B1)	Mj_C7_2(A1)	Mj_C7_3(A2)	Mj_C7_4(B1)	Mj_C7_1(B2)
Ma3n_C7_1(A1)	0	0.10281	0.15475250000000002	0.0	0.0960918	0.162808	0.175319	0.078684	0.121192	0.161218	0.0	0.103921	0.156644	0.1629715
Ma3n_C7_3(A2)	0.10281	0	0.1674	0.1137435	0.0	0.15506399999999998	0.17096	0.102029	0.105076	0.1636155	0.120455	0.0	0.164466	0.165205
Ma3n_C7_2(B1)	0.15475250000000002	0.1674	0	0.116271	0.166882	0.0	0.117479	0.157708	0.141487	0.0302657	0.122301	0.167196	0.0292351	0.0354488
Ma4n_C7_1(A1)	0.0	0.1137435	0.116271	0	0.12342700000000001	0.1605665	0.165121	0.10053999999999999	0.1225	0.15053	0.0	0.125874	0.157619	0.139563
Ma4n_C7_2(A2)	0.0960918	0.0	0.166882	0.12342700000000001	0	0.160453	0.174361	0.102453	0.109487	0.1616405	0.120461	0.0	0.16379	0.16452
Ma4n_C7_4(B1)	0.162808	0.15506399999999998	0.0	0.1605665	0.160453	0	0.1401095	0.150814	0.147024	0.0293394	0.1584	0.15872599999999998	0.0589932	0.0417304
Ma4n_C7_3(B2)	0.175319	0.17096	0.117479	0.165121	0.174361	0.1401095	0	0.173095	0.165825	0.138211	0.16278	0.176477	0.123488	0.122649
Mi_C7_2(A1)	0.078684	0.102029	0.157708	0.10053999999999999	0.102453	0.150814	0.173095	0	0.0987681	0.145469	0.0897234	0.102487	0.1638015	0.162459
Mi_C7_3(A2)	0.121192	0.105076	0.141487	0.1225	0.109487	0.147024	0.165825	0.0987681	0	0.147377	0.110781	0.10583899999999999	0.143638	0.141587
Mi_C7_1(B1)	0.161218	0.1636155	0.0302657	0.15053	0.1616405	0.0293394	0.138211	0.145469	0.147377	0	0.150429	0.16283199999999998	0.0478379	0.0481653
Mj_C7_2(A1)	0.0	0.120455	0.122301	0.0	0.120461	0.1584	0.16278	0.0897234	0.110781	0.150429	0	0.126586	0.1668045	0.141869
Mj_C7_3(A2)	0.103921	0.0	0.167196	0.125874	0.0	0.15872599999999998	0.176477	0.102487	0.10583899999999999	0.16283199999999998	0.126586	0	0.1613355	0.1653015
Mj_C7_4(B1)	0.156644	0.164466	0.0292351	0.157619	0.16379	0.0589932	0.123488	0.1638015	0.143638	0.0478379	0.1668045	0.1613355	0	0.0033520449999999997
Mj_C7_1(B2)	0.1629715	0.165205	0.0354488	0.139563	0.16452	0.0417304	0.122649	0.162459	0.141587	0.0481653	0.141869	0.1653015	0.0033520449999999997	0
