Ma3n_C8_2(A2)	Ma3n_C8_3(A1)	Ma3n_C8_1(B1)	Ma4n_C8_1(A1)	Ma4n_C8_4(A2)	Ma4n_C8_3(B1)	Ma4n_C8_2(B2)	Mi_C8_1(A1)	Mi_C8_2(A2)	Mi_C8_3(B1)	Mj_C8_2(A1)	Mj_C8_4(A2)	Mj_C8_3(B1)	Mj_C8_1(B2)
Ma3n_C8_2(A2)	0	0.060143749999999996	0.141374	0.04386195	0.0	0.13992749999999998	0.14789999999999998	0.05779045	0.0670669	0.1393555	0.0567617	0.0	0.14140350000000002	0.141188
Ma3n_C8_3(A1)	0.060143749999999996	0	0.15118749999999997	0.0	0.05419135	0.146522	0.15398	0.0697912	0.07234235	0.149436	0.0	0.0604277	0.148345	0.149153
Ma3n_C8_1(B1)	0.141374	0.15118749999999997	0	0.148349	0.149026	0.0	0.09584565	0.1428905	0.1434145	0.020131049999999998	0.150746	0.1429725	0.0	0.0259648
Ma4n_C8_1(A1)	0.04386195	0.0	0.148349	0	0.060647	0.143847	0.152964	0.0636084	0.0717226	0.145397	0.0	0.0434789	0.146303	0.146791
Ma4n_C8_4(A2)	0.0	0.05419135	0.149026	0.060647	0	0.14531149999999998	0.149093	0.0644532	0.0699181	0.1472055	0.0516039	0.0	0.146266	0.145371
Ma4n_C8_3(B1)	0.13992749999999998	0.146522	0.0	0.143847	0.14531149999999998	0	0.0960358	0.138126	0.139698	0.0212571	0.145568	0.139085	0.0	0.025599749999999998
Ma4n_C8_2(B2)	0.14789999999999998	0.15398	0.09584565	0.152964	0.149093	0.0960358	0	0.157374	0.154436	0.0906476	0.157825	0.154711	0.0958072	0.10391149999999999
Mi_C8_1(A1)	0.05779045	0.0697912	0.1428905	0.0636084	0.0644532	0.138126	0.157374	0	0.0359178	0.1402025	0.07088885	0.0647982	0.140303	0.144454
Mi_C8_2(A2)	0.0670669	0.07234235	0.1434145	0.0717226	0.0699181	0.139698	0.154436	0.0359178	0	0.139615	0.06944865	0.0662118	0.144072	0.1434055
Mi_C8_3(B1)	0.1393555	0.149436	0.020131049999999998	0.145397	0.1472055	0.0212571	0.0906476	0.1402025	0.139615	0	0.147398	0.140003	0.0203527	0.0272052
Mj_C8_2(A1)	0.0567617	0.0	0.150746	0.0	0.0516039	0.145568	0.157825	0.07088885	0.06944865	0.147398	0	0.0586048	0.150211	0.1533725
Mj_C8_4(A2)	0.0	0.0604277	0.1429725	0.0434789	0.0	0.139085	0.154711	0.0647982	0.0662118	0.140003	0.0586048	0	0.140926	0.1421325
Mj_C8_3(B1)	0.14140350000000002	0.148345	0.0	0.146303	0.146266	0.0	0.0958072	0.140303	0.144072	0.0203527	0.150211	0.140926	0	0.0260049
Mj_C8_1(B2)	0.141188	0.149153	0.0259648	0.146791	0.145371	0.025599749999999998	0.10391149999999999	0.144454	0.1434055	0.0272052	0.1533725	0.1421325	0.0260049	0
