Ma4n_C9_4(A2)	Ma3n_C9_1(B1)	Ma4n_C9_1(A1)	Ma3n_C9_3(A1)	Mj_C9_1(B1)	Ma4n_C9_2(B2)	Ma4n_C9_3(B1)	Mj_C9_3(A2)	Mj_C9_2(A1)	Ma3n_C9_2(A2)	Mi_C9_2(A1)	Mj_C9_4(B2)	Mi_C9_1(B1)
Ma4n_C9_4(A2)	1.0	0.8988475194335922	0.9471622079359703	0.9486312293463702	0.8978574543105303	0.8942633474988856	0.8979410987392776	0.9981459544304707	0.9490036051527797	0.9979367635078356	0.9360149422938617	0.8964868801874035	0.9029696404378851
Ma3n_C9_1(B1)	0.8988475194335922	1.0	0.893929124476511	0.8943716496070889	0.9981491981365409	0.9237819296961731	0.9981214189081649	0.8979693806972446	0.8957090260694415	0.8980509732675837	0.9148191149663435	0.9608338806841086	0.9629717285740725
Ma4n_C9_1(A1)	0.9471622079359703	0.893929124476511	1.0	0.9989272509992494	0.8948254645873774	0.892494594179189	0.894521371043519	0.948072477054659	0.9985890912430555	0.9482319572302454	0.9348735578666212	0.8942441185917395	0.9014202003059516
Ma3n_C9_3(A1)	0.9486312293463702	0.8943716496070889	0.9989272509992494	1.0	0.8948083554110517	0.8921787465489062	0.8945749359511777	0.9494847806382365	0.9986468189330001	0.9496144303282174	0.9394145477193512	0.8956833250661763	0.8982846966560865
Mj_C9_1(B1)	0.8978574543105303	0.9981491981365409	0.8948254645873774	0.8948083554110517	1.0	0.9251871622396999	0.9984214054033551	0.8974381588650189	0.897699881455491	0.8974653906462268	0.9161330263384575	0.9608754685899081	0.9622342989612982
Ma4n_C9_2(B2)	0.8942633474988856	0.9237819296961731	0.892494594179189	0.8921787465489062	0.9251871622396999	1.0	0.9250041159571496	0.8938291172486356	0.8941488184265037	0.8940350041197255	0.9012195646475574	0.9213853077641618	0.9202318744666933
Ma4n_C9_3(B1)	0.8979410987392776	0.9981214189081649	0.894521371043519	0.8945749359511777	0.9984214054033551	0.9250041159571496	1.0	0.8972694449757803	0.8963408054249814	0.8971533583049964	0.9167194529051484	0.9607597151207419	0.9620438613774116
Mj_C9_3(A2)	0.9981459544304707	0.8979693806972446	0.948072477054659	0.9494847806382365	0.8974381588650189	0.8938291172486356	0.8972694449757803	1.0	0.9497725730942664	0.9982695792527752	0.9347285668093253	0.8961875988947697	0.9025519733684982
Mj_C9_2(A1)	0.9490036051527797	0.8957090260694415	0.9985890912430555	0.9986468189330001	0.897699881455491	0.8941488184265037	0.8963408054249814	0.9497725730942664	1.0	0.9499548815369123	0.9371201825057296	0.8954513375155658	0.9024418870664531
Ma3n_C9_2(A2)	0.9979367635078356	0.8980509732675837	0.9482319572302454	0.9496144303282174	0.8974653906462268	0.8940350041197255	0.8971533583049964	0.9982695792527752	0.9499548815369123	1.0	0.935361088044214	0.8962783960817887	0.9024265020865946
Mi_C9_2(A1)	0.9360149422938617	0.9148191149663435	0.9348735578666212	0.9394145477193512	0.9161330263384575	0.9012195646475574	0.9167194529051484	0.9347285668093253	0.9371201825057296	0.935361088044214	1.0	0.9127245178526793	0.9065727669435367
Mj_C9_4(B2)	0.8964868801874035	0.9608338806841086	0.8942441185917395	0.8956833250661763	0.9608754685899081	0.9213853077641618	0.9607597151207419	0.8961875988947697	0.8954513375155658	0.8962783960817887	0.9127245178526793	1.0	0.9519340165458972
Mi_C9_1(B1)	0.9029696404378851	0.9629717285740725	0.9014202003059516	0.8982846966560865	0.9622342989612982	0.9202318744666933	0.9620438613774116	0.9025519733684982	0.9024418870664531	0.9024265020865946	0.9065727669435367	0.9519340165458972	1.0
