Ma3n_C9_2(A2)	Ma3n_C9_3(A1)	Ma3n_C9_1(B1)	Ma4n_C9_1(A1)	Ma4n_C9_4(A2)	Ma4n_C9_3(B1)	Ma4n_C9_2(B2)	Mi_C9_2(A1)	Mi_C9_1(B1)	Mj_C9_2(A1)	Mj_C9_3(A2)	Mj_C9_1(B1)	Mj_C9_4(B2)
Ma3n_C9_2(A2)	0	0.0665251	0.1488445	0.07442460000000001	0.0	0.146257	0.150036	0.0919426	0.1392495	0.0713034	0.0	0.146851	0.1495725
Ma3n_C9_3(A1)	0.0665251	0	0.154695	0.0	0.0685041	0.156541	0.15738049999999998	0.09100735	0.148968	0.0	0.0677649	0.150757	0.14803850000000002
Ma3n_C9_1(B1)	0.1488445	0.154695	0	0.157587	0.147066	0.0	0.11239099999999999	0.128513	0.0223274	0.152724	0.1476475	0.0	0.032404050000000004
Ma4n_C9_1(A1)	0.07442460000000001	0.0	0.157587	0	0.07116305	0.162136	0.161491	0.0970736	0.1496355	0.0	0.0701027	0.153165	0.156936
Ma4n_C9_4(A2)	0.0	0.0685041	0.147066	0.07116305	0	0.150947	0.150573	0.0929944	0.141755	0.06802795	0.0	0.150588	0.14963
Ma4n_C9_3(B1)	0.146257	0.156541	0.0	0.162136	0.150947	0	0.108876	0.12523499999999999	0.0232276	0.154833	0.147717	0.0	0.030565
Ma4n_C9_2(B2)	0.150036	0.15738049999999998	0.11239099999999999	0.161491	0.150573	0.108876	0	0.1467445	0.1201725	0.16211	0.151445	0.1107185	0.125022
Mi_C9_2(A1)	0.0919426	0.09100735	0.128513	0.0970736	0.0929944	0.12523499999999999	0.1467445	0	0.14573	0.102182	0.09422195	0.12916699999999998	0.135499
Mi_C9_1(B1)	0.1392495	0.148968	0.0223274	0.1496355	0.141755	0.0232276	0.1201725	0.14573	0	0.14130500000000001	0.137889	0.0259062	0.037865300000000005
Mj_C9_2(A1)	0.0713034	0.0	0.152724	0.0	0.06802795	0.154833	0.16211	0.102182	0.14130500000000001	0	0.06534855	0.15076	0.149121
Mj_C9_3(A2)	0.0	0.0677649	0.1476475	0.0701027	0.0	0.147717	0.151445	0.09422195	0.137889	0.06534855	0	0.147692	0.150975
Mj_C9_1(B1)	0.146851	0.150757	0.0	0.153165	0.150588	0.0	0.1107185	0.12916699999999998	0.0259062	0.15076	0.147692	0	0.028893500000000003
Mj_C9_4(B2)	0.1495725	0.14803850000000002	0.032404050000000004	0.156936	0.14963	0.030565	0.125022	0.135499	0.037865300000000005	0.149121	0.150975	0.028893500000000003	0
