Ma_C1_1	Ma_C1_2	Ma_C1_3	Ma_C1_4	Mi_C1_1	Mi_C1_2	Mi_C1_3	Mj_C1_1	Mj_C1_2	Mj_C1_3	Mj_C1_4	Mp_C1_1	Mp_C1_2	Mp_C1_3
Ma_C1_1	0	0.1416235	0.14622425	0.085806	0.078687825	0.1297505	0.06717382499999999	0.0	0.13368225	0.088897	0.14412225	0.0	0.14406924999999998	0.08984942500000001
Ma_C1_2	0.1416235	0	0.12527300000000002	0.1566255	0.15358100000000002	0.0183333	0.15419	0.149651	0.0	0.1532535	0.03762935	0.1532	0.0	0.1565395
Ma_C1_3	0.14622425	0.12527300000000002	0	0.1650115	0.1644295	0.1146465	0.158567	0.15661124999999998	0.12820199999999998	0.1667205	0.11723275	0.15688049999999998	0.12024325	0.16619775
Ma_C1_4	0.085806	0.1566255	0.1650115	0	0.088656875	0.1450885	0.10471475	0.0709813	0.11581425000000001	0.0	0.14939025	0.07561077499999999	0.1543485	0.0
Mi_C1_1	0.078687825	0.15358100000000002	0.1644295	0.088656875	0	0.141918	0.0680161	0.08462765	0.12589699999999998	0.0911683	0.15381775	0.088810375	0.15637525000000002	0.094682
Mi_C1_2	0.1297505	0.0183333	0.1146465	0.1450885	0.141918	0	0.14255625	0.1421265	0.031861275	0.14587050000000001	0.034036750000000005	0.14047825	0.0175378	0.146097
Mi_C1_3	0.06717382499999999	0.15419	0.158567	0.10471475	0.0680161	0.14255625	0	0.07981664999999999	0.12769475	0.10433	0.1485785	0.076645775	0.15127575	0.10395375
Mj_C1_1	0.0	0.149651	0.15661124999999998	0.0709813	0.08462765	0.1421265	0.07981664999999999	0	0.1078885	0.06794595	0.15091825	0.0	0.15046949999999998	0.07330185
Mj_C1_2	0.13368225	0.0	0.12820199999999998	0.11581425000000001	0.12589699999999998	0.031861275	0.12769475	0.1078885	0	0.105686	0.0507219	0.11593975000000001	0.0	0.11710699999999999
Mj_C1_3	0.088897	0.1532535	0.1667205	0.0	0.0911683	0.14587050000000001	0.10433	0.06794595	0.105686	0	0.15464875	0.0778832	0.149996	0.0
Mj_C1_4	0.14412225	0.03762935	0.11723275	0.14939025	0.15381775	0.034036750000000005	0.1485785	0.15091825	0.0507219	0.15464875	0	0.15406175	0.0382319	0.15087899999999999
Mp_C1_1	0.0	0.1532	0.15688049999999998	0.07561077499999999	0.088810375	0.14047825	0.076645775	0.0	0.11593975000000001	0.0778832	0.15406175	0	0.15094000000000002	0.0750502
Mp_C1_2	0.14406924999999998	0.0	0.12024325	0.1543485	0.15637525000000002	0.0175378	0.15127575	0.15046949999999998	0.0	0.149996	0.0382319	0.15094000000000002	0	0.1535825
Mp_C1_3	0.08984942500000001	0.1565395	0.16619775	0.0	0.094682	0.146097	0.10395375	0.07330185	0.11710699999999999	0.0	0.15087899999999999	0.0750502	0.1535825	0
