Ma_C11_1	Ma_C11_2	Ma_C11_3	Ma_C11_4	Mi_C11_1	Mi_C11_2	Mi_C11_3	Mj_C11_1	Mj_C11_2	Mj_C11_3	Mj_C11_4	Mp_C11_1	Mp_C11_2	Mp_C11_3
Ma_C11_1	0	0.12243675	0.176601	0.169301	0.17606275	0.163436	0.12606325000000002	0.129687	0.1707075	0.118897	0.17526375	0.11864175	0.1713885	0.176336
Ma_C11_2	0.12243675	0	0.1716385	0.17116175	0.17068425	0.158628	0.0206883	0.029527249999999998	0.1721245	0.0	0.17065725	0.0	0.17160799999999998	0.17226475000000002
Ma_C11_3	0.176601	0.1716385	0	0.0855198	0.104071	0.111442	0.16384300000000002	0.16768325	0.0	0.1712245	0.08386465	0.17011725	0.0	0.0865562
Ma_C11_4	0.169301	0.17116175	0.0855198	0	0.10248850000000001	0.10104655	0.16456725	0.16657475000000002	0.074749325	0.170402	0.0	0.168657	0.07390875	0.0
Mi_C11_1	0.17606275	0.17068425	0.104071	0.10248850000000001	0	0.07505335	0.16521475	0.16644150000000002	0.09699892500000001	0.169219	0.10601175	0.165761	0.097184375	0.11207425
Mi_C11_2	0.163436	0.158628	0.111442	0.10104655	0.07505335	0	0.1451795	0.14831775	0.09960145000000001	0.15217025	0.100060475	0.15006775	0.10318175	0.10650425
Mi_C11_3	0.12606325000000002	0.0206883	0.16384300000000002	0.16456725	0.16521475	0.1451795	0	0.024622175000000003	0.1663745	0.017065475	0.16595300000000002	0.016790825000000002	0.16324349999999999	0.1661065
Mj_C11_1	0.129687	0.029527249999999998	0.16768325	0.16657475000000002	0.16644150000000002	0.14831775	0.024622175000000003	0	0.165628	0.025844375	0.16522024999999999	0.0248001	0.1682055	0.169023
Mj_C11_2	0.1707075	0.1721245	0.0	0.074749325	0.09699892500000001	0.09960145000000001	0.1663745	0.165628	0	0.17108025	0.08007815	0.16801125	0.0	0.09185145
Mj_C11_3	0.118897	0.0	0.1712245	0.170402	0.169219	0.15217025	0.017065475	0.025844375	0.17108025	0	0.1699785	0.0	0.17097400000000001	0.1719755
Mj_C11_4	0.17526375	0.17065725	0.08386465	0.0	0.10601175	0.100060475	0.16595300000000002	0.16522024999999999	0.08007815	0.1699785	0	0.169371	0.083491725	0.0
Mp_C11_1	0.11864175	0.0	0.17011725	0.168657	0.165761	0.15006775	0.016790825000000002	0.0248001	0.16801125	0.0	0.169371	0	0.16785250000000002	0.16921150000000001
Mp_C11_2	0.1713885	0.17160799999999998	0.0	0.07390875	0.097184375	0.10318175	0.16324349999999999	0.1682055	0.0	0.17097400000000001	0.083491725	0.16785250000000002	0	0.08712765
Mp_C11_3	0.176336	0.17226475000000002	0.0865562	0.0	0.11207425	0.10650425	0.1661065	0.169023	0.09185145	0.1719755	0.0	0.16921150000000001	0.08712765	0
