Ma_C13_1	Ma_C13_2	Ma_C13_3	Ma_C13_4	Mi_C13_1	Mi_C13_2	Mi_C13_3	Mj_C13_1	Mj_C13_2	Mj_C13_3	Mj_C13_4	Mp_C13_1	Mp_C13_2	Mp_C13_3
Ma_C13_1	0	0.15143075	0.1498985	0.1006659	0.14845874999999997	0.14878475	0.021574125	0.028072425	0.15047225	0.155417	0.0	0.0	0.1537485	0.1508785
Ma_C13_2	0.15143075	0	0.060585675000000005	0.15897	0.081156375	0.08230925	0.15021275	0.15327925	0.066782075	0.0	0.14607	0.15400125	0.0	0.072195125
Ma_C13_3	0.1498985	0.060585675000000005	0	0.15805750000000002	0.081789225	0.07823745	0.15178049999999998	0.1514675	0.0	0.06450775	0.1466585	0.151434	0.07124987499999999	0.0
Ma_C13_4	0.1006659	0.15897	0.15805750000000002	0	0.15664450000000002	0.1545265	0.09692434999999999	0.0997863	0.1595695	0.15524025	0.087734225	0.0923084	0.15961975	0.1545085
Mi_C13_1	0.14845874999999997	0.081156375	0.081789225	0.15664450000000002	0	0.0463282	0.14483374999999998	0.149343	0.08316355	0.07685020000000001	0.1439025	0.14419175	0.081468425	0.08251975
Mi_C13_2	0.14878475	0.08230925	0.07823745	0.1545265	0.0463282	0	0.14657075	0.149898	0.079163275	0.07770555	0.14173575	0.14791075	0.0838957	0.078388
Mi_C13_3	0.021574125	0.15021275	0.15178049999999998	0.09692434999999999	0.14483374999999998	0.14657075	0	0.02979175	0.15188574999999999	0.1475175	0.017913949999999998	0.01781175	0.150533	0.1481605
Mj_C13_1	0.028072425	0.15327925	0.1514675	0.0997863	0.149343	0.149898	0.02979175	0	0.15388125	0.14991925	0.025687074999999997	0.0274108	0.15224749999999998	0.150615
Mj_C13_2	0.15047225	0.066782075	0.0	0.1595695	0.08316355	0.079163275	0.15188574999999999	0.15388125	0	0.06568445	0.146071	0.14934225	0.07160620000000001	0.0
Mj_C13_3	0.155417	0.0	0.06450775	0.15524025	0.07685020000000001	0.07770555	0.1475175	0.14991925	0.06568445	0	0.140785	0.146401	0.0	0.0752341
Mj_C13_4	0.0	0.14607	0.1466585	0.087734225	0.1439025	0.14173575	0.017913949999999998	0.025687074999999997	0.146071	0.140785	0	0.0	0.14885975	0.14365525
Mp_C13_1	0.0	0.15400125	0.151434	0.0923084	0.14419175	0.14791075	0.01781175	0.0274108	0.14934225	0.146401	0.0	0	0.150237	0.148028
Mp_C13_2	0.1537485	0.0	0.07124987499999999	0.15961975	0.081468425	0.0838957	0.150533	0.15224749999999998	0.07160620000000001	0.0	0.14885975	0.150237	0	0.0709588
Mp_C13_3	0.1508785	0.072195125	0.0	0.1545085	0.08251975	0.078388	0.1481605	0.150615	0.0	0.0752341	0.14365525	0.148028	0.0709588	0
