Ma_C15_1	Ma_C15_2	Ma_C15_3	Ma_C15_4	Mi_C15_1	Mi_C15_2	Mi_C15_3	Mj_C15_1	Mj_C15_2	Mj_C15_3	Mj_C15_4	Mp_C15_1	Mp_C15_2	Mp_C15_3
Ma_C15_1	0	0.121149	0.1553945	0.15800775	0.144618	0.026773175	0.15559125000000001	0.15596274999999998	0.020160974999999998	0.0	0.1592595	0.0	0.15993125	0.158269
Ma_C15_2	0.121149	0	0.17997075	0.1723725	0.167079	0.13262475	0.17431325	0.1663995	0.13699974999999998	0.136042	0.15996575000000002	0.1279575	0.1713185	0.1697745
Ma_C15_3	0.1553945	0.17997075	0	0.0869134	0.0931045	0.15302975	0.09314065	0.0	0.16592099999999999	0.1721995	0.0925832	0.17665275	0.0	0.075342775
Ma_C15_4	0.15800775	0.1723725	0.0869134	0	0.087269925	0.16306674999999998	0.1024225	0.07739155	0.16646824999999998	0.18342975	0.0	0.18100100000000002	0.0841433	0.0
Mi_C15_1	0.144618	0.167079	0.0931045	0.087269925	0	0.15972799999999998	0.04032862499999999	0.08807315	0.1613985	0.15153575	0.09073225	0.1544905	0.0959095	0.088214275
Mi_C15_2	0.026773175	0.13262475	0.15302975	0.16306674999999998	0.15972799999999998	0	0.15096674999999998	0.160251	0.038178199999999995	0.03982245	0.15804925	0.039192950000000004	0.15771600000000002	0.15511325
Mi_C15_3	0.15559125000000001	0.17431325	0.09314065	0.1024225	0.04032862499999999	0.15096674999999998	0	0.092103075	0.15756900000000001	0.16645100000000002	0.10785549999999999	0.1638885	0.0999477	0.101942
Mj_C15_1	0.15596274999999998	0.1663995	0.0	0.07739155	0.08807315	0.160251	0.092103075	0	0.16640475	0.16944674999999998	0.08112027499999999	0.17237000000000002	0.0	0.0743867
Mj_C15_2	0.020160974999999998	0.13699974999999998	0.16592099999999999	0.16646824999999998	0.1613985	0.038178199999999995	0.15756900000000001	0.16640475	0	0.0213416	0.16244925	0.0272537	0.1683905	0.16188525
Mj_C15_3	0.0	0.136042	0.1721995	0.18342975	0.15153575	0.03982245	0.16645100000000002	0.16944674999999998	0.0213416	0	0.1704675	0.0	0.1726145	0.1612075
Mj_C15_4	0.1592595	0.15996575000000002	0.0925832	0.0	0.09073225	0.15804925	0.10785549999999999	0.08112027499999999	0.16244925	0.1704675	0	0.17435499999999998	0.0850454	0.0
Mp_C15_1	0.0	0.1279575	0.17665275	0.18100100000000002	0.1544905	0.039192950000000004	0.1638885	0.17237000000000002	0.0272537	0.0	0.17435499999999998	0	0.17445975	0.16535149999999998
Mp_C15_2	0.15993125	0.1713185	0.0	0.0841433	0.0959095	0.15771600000000002	0.0999477	0.0	0.1683905	0.1726145	0.0850454	0.17445975	0	0.07590897499999999
Mp_C15_3	0.158269	0.1697745	0.075342775	0.0	0.088214275	0.15511325	0.101942	0.0743867	0.16188525	0.1612075	0.0	0.16535149999999998	0.07590897499999999	0
