Ma_C18_1	Ma_C18_2	Ma_C18_3	Ma_C18_4	Mi_C18_1	Mi_C18_2	Mi_C18_3	Mj_C18_1	Mj_C18_2	Mj_C18_3	Mj_C18_4	Mp_C18_1	Mp_C18_2	Mp_C18_3
Ma_C18_1	0	0.133188	0.13179275000000001	0.09804360000000001	0.13931775000000002	0.1340905	0.01478635	0.024039425	0.1355245	0.13070975	0.0	0.0	0.133785	0.1375105
Ma_C18_2	0.133188	0	0.06337265	0.1356675	0.079326425	0.07966855	0.12827650000000002	0.13035225	0.053348900000000005	0.0	0.13481375	0.1319425	0.06546525	0.0
Ma_C18_3	0.13179275000000001	0.06337265	0	0.1360695	0.0677323	0.06663079999999999	0.129838	0.1289025	0.0	0.06297335	0.1334265	0.1282155	0.0	0.0675463
Ma_C18_4	0.09804360000000001	0.1356675	0.1360695	0	0.13787625	0.13770925	0.07416485	0.07368235000000001	0.13598825	0.13497275	0.09376855	0.0925049	0.13074200000000002	0.140746
Mi_C18_1	0.13931775000000002	0.079326425	0.0677323	0.13787625	0	0.048891699999999996	0.130455	0.13102425	0.0707489	0.075819525	0.1391105	0.13676624999999998	0.073255475	0.08216655
Mi_C18_2	0.1340905	0.07966855	0.06663079999999999	0.13770925	0.048891699999999996	0	0.12126100000000001	0.12504525	0.07080434999999999	0.071835075	0.13493775	0.130322	0.06980295	0.0799143
Mi_C18_3	0.01478635	0.12827650000000002	0.129838	0.07416485	0.130455	0.12126100000000001	0	0.024791925	0.129628	0.1235285	0.01398595	0.0135196	0.12856174999999997	0.1325025
Mj_C18_1	0.024039425	0.13035225	0.1289025	0.07368235000000001	0.13102425	0.12504525	0.024791925	0	0.129589	0.1252655	0.022371250000000002	0.02235185	0.12910575	0.132498
Mj_C18_2	0.1355245	0.053348900000000005	0.0	0.13598825	0.0707489	0.07080434999999999	0.129628	0.129589	0	0.05990285	0.1368425	0.133485	0.0	0.056326275
Mj_C18_3	0.13070975	0.0	0.06297335	0.13497275	0.075819525	0.071835075	0.1235285	0.1252655	0.05990285	0	0.13051825	0.1270425	0.06147935	0.0
Mj_C18_4	0.0	0.13481375	0.1334265	0.09376855	0.1391105	0.13493775	0.01398595	0.022371250000000002	0.1368425	0.13051825	0	0.0	0.13607975	0.13789225
Mp_C18_1	0.0	0.1319425	0.1282155	0.0925049	0.13676624999999998	0.130322	0.0135196	0.02235185	0.133485	0.1270425	0.0	0	0.1318395	0.13368924999999998
Mp_C18_2	0.133785	0.06546525	0.0	0.13074200000000002	0.073255475	0.06980295	0.12856174999999997	0.12910575	0.0	0.06147935	0.13607975	0.1318395	0	0.066946375
Mp_C18_3	0.1375105	0.0	0.0675463	0.140746	0.08216655	0.0799143	0.1325025	0.132498	0.056326275	0.0	0.13789225	0.13368924999999998	0.066946375	0
