Ma_C2_1	Ma_C2_2	Ma_C2_3	Ma_C2_4	Mi_C2_1	Mi_C2_2	Mi_C2_3	Mj_C2_1	Mj_C2_2	Mj_C2_3	Mj_C2_4	Mp_C2_1	Mp_C2_2	Mp_C2_3
Ma_C2_1	0	0.15399725	0.1466905	0.07649310000000001	0.152634	0.069256075	0.0797234	0.0	0.1459385	0.080668925	0.1463465	0.0	0.1455535	0.07240855
Ma_C2_2	0.15399725	0	0.1001445	0.1564615	0.10344874999999999	0.140689	0.15873275	0.15144975	0.09986185	0.155442	0.09854035	0.15743649999999998	0.09652279999999999	0.1468105
Ma_C2_3	0.1466905	0.1001445	0	0.1502165	0.018486774999999997	0.131631	0.14984150000000002	0.142687	0.0	0.14704899999999999	0.0283272	0.14665075	0.0	0.14114025
Ma_C2_4	0.07649310000000001	0.1564615	0.1502165	0	0.15368825	0.0642147	0.076325	0.06783325	0.15030700000000002	0.0	0.14968975	0.08068455	0.14925675	0.0
Mi_C2_1	0.152634	0.10344874999999999	0.018486774999999997	0.15368825	0	0.1365075	0.14824900000000002	0.14592650000000001	0.0197832	0.15239275	0.030408249999999998	0.15255025	0.0182816	0.14383625
Mi_C2_2	0.069256075	0.140689	0.131631	0.0642147	0.1365075	0	0.0350506	0.06206974999999999	0.12991975	0.062739825	0.12927	0.07235464999999999	0.1291445	0.053168425
Mi_C2_3	0.0797234	0.15873275	0.14984150000000002	0.076325	0.14824900000000002	0.0350506	0	0.077884375	0.14959075	0.07807159999999999	0.14583925	0.07796975	0.1461875	0.072829325
Mj_C2_1	0.0	0.15144975	0.142687	0.06783325	0.14592650000000001	0.06206974999999999	0.077884375	0	0.14449499999999998	0.067278825	0.144804	0.0	0.1447205	0.0669066
Mj_C2_2	0.1459385	0.09986185	0.0	0.15030700000000002	0.0197832	0.12991975	0.14959075	0.14449499999999998	0	0.14824949999999998	0.028589175	0.148093	0.0	0.14091375
Mj_C2_3	0.080668925	0.155442	0.14704899999999999	0.0	0.15239275	0.062739825	0.07807159999999999	0.067278825	0.14824949999999998	0	0.14941625	0.082974725	0.14575500000000002	0.0
Mj_C2_4	0.1463465	0.09854035	0.0283272	0.14968975	0.030408249999999998	0.12927	0.14583925	0.144804	0.028589175	0.14941625	0	0.14794725	0.0289987	0.141563
Mp_C2_1	0.0	0.15743649999999998	0.14665075	0.08068455	0.15255025	0.07235464999999999	0.07796975	0.0	0.148093	0.082974725	0.14794725	0	0.14403125	0.06913315
Mp_C2_2	0.1455535	0.09652279999999999	0.0	0.14925675	0.0182816	0.1291445	0.1461875	0.1447205	0.0	0.14575500000000002	0.0289987	0.14403125	0	0.14072649999999998
Mp_C2_3	0.07240855	0.1468105	0.14114025	0.0	0.14383625	0.053168425	0.072829325	0.0669066	0.14091375	0.0	0.141563	0.06913315	0.14072649999999998	0
