Ma_C3_1	Ma_C3_2	Ma_C3_3	Ma_C3_4	Mi_C3_1	Mi_C3_2	Mi_C3_3	Mj_C3_1	Mj_C3_2	Mj_C3_3	Mj_C3_4	Mp_C3_1	Mp_C3_2	Mp_C3_3
Ma_C3_1	0	0.09713792499999999	0.19619725	0.170388	0.106403	0.10313125	0.1792475	0.1783475	0.09906770000000001	0.0	0.17318825	0.0	0.1776485	0.10005405
Ma_C3_2	0.09713792499999999	0	0.18418525	0.17372025000000002	0.10690050000000001	0.107831	0.1736165	0.1736655	0.0	0.062370675	0.168678	0.05265765	0.17097275	0.0
Ma_C3_3	0.19619725	0.18418525	0	0.13848149999999998	0.1774235	0.17683300000000002	0.143181	0.13868475	0.183929	0.19318425	0.129609	0.1869505	0.1373915	0.17216749999999997
Ma_C3_4	0.170388	0.17372025000000002	0.13848149999999998	0	0.16000775	0.15507549999999998	0.02861485	0.0	0.17022225	0.17356175000000001	0.0393883	0.17062575000000002	0.0	0.1757475
Mi_C3_1	0.106403	0.10690050000000001	0.1774235	0.16000775	0	0.023744050000000003	0.15525275	0.15491475	0.10746924999999999	0.098712525	0.1593405	0.098447175	0.1590585	0.10931
Mi_C3_2	0.10313125	0.107831	0.17683300000000002	0.15507549999999998	0.023744050000000003	0	0.14828125	0.1516875	0.1079455	0.1004795	0.1541275	0.0990692	0.1564105	0.111791
Mi_C3_3	0.1792475	0.1736165	0.143181	0.02861485	0.15525275	0.14828125	0	0.028027875	0.17642625	0.1775855	0.038727825	0.1738875	0.0249618	0.17764125
Mj_C3_1	0.1783475	0.1736655	0.13868475	0.0	0.15491475	0.1516875	0.028027875	0	0.169632	0.17070625	0.03885245	0.17695125	0.0	0.16958499999999999
Mj_C3_2	0.09906770000000001	0.0	0.183929	0.17022225	0.10746924999999999	0.1079455	0.17642625	0.169632	0	0.04969155	0.17211525	0.0511212	0.17158225	0.0
Mj_C3_3	0.0	0.062370675	0.19318425	0.17356175000000001	0.098712525	0.1004795	0.1775855	0.17070625	0.04969155	0	0.174429	0.0	0.17069525000000002	0.098082275
Mj_C3_4	0.17318825	0.168678	0.129609	0.0393883	0.1593405	0.1541275	0.038727825	0.03885245	0.17211525	0.174429	0	0.16956775000000002	0.0379781	0.17326049999999998
Mp_C3_1	0.0	0.05265765	0.1869505	0.17062575000000002	0.098447175	0.0990692	0.1738875	0.17695125	0.0511212	0.0	0.16956775000000002	0	0.17077349999999997	0.0986181
Mp_C3_2	0.1776485	0.17097275	0.1373915	0.0	0.1590585	0.1564105	0.0249618	0.0	0.17158225	0.17069525000000002	0.0379781	0.17077349999999997	0	0.17318975
Mp_C3_3	0.10005405	0.0	0.17216749999999997	0.1757475	0.10931	0.111791	0.17764125	0.16958499999999999	0.0	0.098082275	0.17326049999999998	0.0986181	0.17318975	0
