Ma_C4_1	Ma_C4_2	Ma_C4_3	Ma_C4_4	Mi_C4_1	Mi_C4_2	Mi_C4_3	Mj_C4_1	Mj_C4_2	Mj_C4_3	Mj_C4_4	Mp_C4_1	Mp_C4_2	Mp_C4_3
Ma_C4_1	0	0.1742645	0.1697195	0.094722575	0.165783	0.1070845	0.100340675	0.09634134999999999	0.1343725	0.0	0.171263	0.0	0.094717025	0.16741325
Ma_C4_2	0.1742645	0	0.13185400000000003	0.176894	0.132437	0.1806405	0.1778515	0.17725875000000002	0.1568545	0.1653925	0.1323365	0.1731665	0.174466	0.130243
Ma_C4_3	0.1697195	0.13185400000000003	0	0.1701105	0.0236094	0.15902550000000001	0.16015775	0.17066425	0.07139795	0.139045	0.0	0.169217	0.16518975000000002	0.0
Ma_C4_4	0.094722575	0.176894	0.1701105	0	0.1699005	0.11664849999999999	0.10177285	0.0	0.15326800000000002	0.1168965	0.17135725	0.095607	0.0	0.17254275000000002
Mi_C4_1	0.165783	0.132437	0.0236094	0.1699005	0	0.157171	0.16005375	0.166135	0.065397425	0.13589375	0.024876575	0.16510550000000002	0.165097	0.022850500000000003
Mi_C4_2	0.1070845	0.1806405	0.15902550000000001	0.11664849999999999	0.157171	0	0.014689250000000001	0.11459	0.1468315	0.12248025	0.1548735	0.108027	0.1133065	0.1574485
Mi_C4_3	0.100340675	0.1778515	0.16015775	0.10177285	0.16005375	0.014689250000000001	0	0.09920599999999999	0.15146775	0.1064745	0.16261925	0.10047505000000001	0.09952977499999999	0.15918
Mj_C4_1	0.09634134999999999	0.17725875000000002	0.17066425	0.0	0.166135	0.11459	0.09920599999999999	0	0.150832	0.11970700000000001	0.1705465	0.0996477	0.0	0.1718585
Mj_C4_2	0.1343725	0.1568545	0.07139795	0.15326800000000002	0.065397425	0.1468315	0.15146775	0.150832	0	0.16760475	0.0649169	0.13547199999999998	0.1489455	0.06997745
Mj_C4_3	0.0	0.1653925	0.139045	0.1168965	0.13589375	0.12248025	0.1064745	0.11970700000000001	0.16760475	0	0.1263725	0.0	0.1205375	0.13874525
Mj_C4_4	0.171263	0.1323365	0.0	0.17135725	0.024876575	0.1548735	0.16261925	0.1705465	0.0649169	0.1263725	0	0.16963699999999998	0.16577	0.0
Mp_C4_1	0.0	0.1731665	0.169217	0.095607	0.16510550000000002	0.108027	0.10047505000000001	0.0996477	0.13547199999999998	0.0	0.16963699999999998	0	0.08950425000000001	0.1669815
Mp_C4_2	0.094717025	0.174466	0.16518975000000002	0.0	0.165097	0.1133065	0.09952977499999999	0.0	0.1489455	0.1205375	0.16577	0.08950425000000001	0	0.16662375
Mp_C4_3	0.16741325	0.130243	0.0	0.17254275000000002	0.022850500000000003	0.1574485	0.15918	0.1718585	0.06997745	0.13874525	0.0	0.1669815	0.16662375	0
