Ma_C8_1	Ma_C8_2	Ma_C8_3	Ma_C8_4	Mi_C8_1	Mi_C8_2	Mi_C8_3	Mj_C8_1	Mj_C8_2	Mj_C8_3	Mj_C8_4	Mp_C8_1	Mp_C8_2	Mp_C8_3
Ma_C8_1	0	0.15570025	0.144183	0.0607358	0.071872425	0.071019225	0.1461405	0.147398	0.0	0.14795225	0.044866925	0.147643	0.04416245	0.0
Ma_C8_2	0.15570025	0	0.09779969999999999	0.15322675000000002	0.158213	0.15437925	0.089847175	0.1025909	0.15585749999999998	0.09570285	0.15535100000000002	0.09810325	0.14904699999999999	0.156913
Ma_C8_3	0.144183	0.09779969999999999	0	0.1462355	0.14412625	0.140692	0.021258325	0.026463624999999998	0.14692774999999997	0.0	0.1417005	0.0	0.14121475	0.14689825
Ma_C8_4	0.0607358	0.15322675000000002	0.1462355	0	0.069865275	0.067814175	0.14313750000000003	0.144065	0.05701345	0.14812524999999999	0.0	0.150448	0.0	0.055450824999999995
Mi_C8_1	0.071872425	0.158213	0.14412625	0.069865275	0	0.019320274999999998	0.14312	0.14715799999999998	0.073459825	0.14730975000000002	0.068864325	0.14691275	0.067958075	0.0776004
Mi_C8_2	0.071019225	0.15437925	0.140692	0.067814175	0.019320274999999998	0	0.13846925	0.14272475	0.07120884999999999	0.14442275000000002	0.07036175	0.14285199999999998	0.06814175	0.073822975
Mi_C8_3	0.1461405	0.089847175	0.021258325	0.14313750000000003	0.14312	0.13846925	0	0.0270837	0.1451085	0.020417725	0.1421745	0.020010025	0.13456825	0.1464875
Mj_C8_1	0.147398	0.1025909	0.026463624999999998	0.144065	0.14715799999999998	0.14272475	0.0270837	0	0.14645275000000002	0.02630875	0.14280575	0.0273961	0.14086575	0.147287
Mj_C8_2	0.0	0.15585749999999998	0.14692774999999997	0.05701345	0.073459825	0.07120884999999999	0.1451085	0.14645275000000002	0	0.150549	0.0564352	0.15053824999999998	0.056877375	0.0
Mj_C8_3	0.14795225	0.09570285	0.0	0.14812524999999999	0.14730975000000002	0.14442275000000002	0.020417725	0.02630875	0.150549	0	0.14397175	0.0	0.143343	0.15085375
Mj_C8_4	0.044866925	0.15535100000000002	0.1417005	0.0	0.068864325	0.07036175	0.1421745	0.14280575	0.0564352	0.14397175	0	0.1444455	0.0	0.061803275
Mp_C8_1	0.147643	0.09810325	0.0	0.150448	0.14691275	0.14285199999999998	0.020010025	0.0273961	0.15053824999999998	0.0	0.1444455	0	0.143745	0.1508145
Mp_C8_2	0.04416245	0.14904699999999999	0.14121475	0.0	0.067958075	0.06814175	0.13456825	0.14086575	0.056877375	0.143343	0.0	0.143745	0	0.061769625
Mp_C8_3	0.0	0.156913	0.14689825	0.055450824999999995	0.0776004	0.073822975	0.1464875	0.147287	0.0	0.15085375	0.061803275	0.1508145	0.061769625	0
